date,symbol,sentiment,sentiment high,sentiment low,news volume,news buzz
2017-11-28,INTC,-2,1,-4,3,0
2017-11-27,INTC,-1,2,-2,3,0
2017-11-26,INTC,0,0,0,0,0
2017-11-25,INTC,2,4,-2,4,1
2017-11-24,INTC,1,4,-2,24,1
2017-11-23,INTC,1,2,-2,30,1
2017-11-22,INTC,1,4,-2,52,3
2017-11-21,INTC,2,4,-2,91,5
2017-11-20,INTC,1,4,-2,197,10
2017-11-19,INTC,1,4,-3,6,1
2017-11-18,INTC,2,3,1,2,1
2017-11-17,INTC,0,0,0,0,0
2017-11-16,INTC,1,3,-2,190,10
2017-11-15,INTC,2,4,-1,66,9
2017-11-14,INTC,2,4,-1,75,10
2017-11-13,INTC,1,4,-2,112,10
2017-11-12,INTC,1,4,-2,79,10
2017-11-11,INTC,1,3,-2,89,10
2017-11-10,INTC,-1,3,-3,73,10
2017-11-09,INTC,1,3,-2,63,10
2017-11-08,INTC,1,3,-2,49,10
2017-11-07,INTC,1,4,-2,46,9
2017-11-06,INTC,2,4,-2,56,10
2017-11-05,INTC,1,3,-2,22,10
2017-11-04,INTC,0,0,0,0,0
2017-11-03,INTC,1,4,-2,41,3
2017-11-02,INTC,2,4,-1,54,4
2017-11-01,INTC,1,4,-2,39,3
2017-10-31,INTC,1,4,-2,17,1
2017-10-30,INTC,2,5,-1,48,7
2017-10-29,INTC,1,4,-2,28,9
2017-10-28,INTC,0,0,0,0,0
2017-10-27,INTC,2,4,-1,163,10
2017-10-26,INTC,1,4,-2,104,10
2017-10-25,INTC,1,3,-2,71,10
2017-10-24,INTC,1,4,-2,61,10
2017-10-23,INTC,1,3,-2,76,10
2017-10-22,INTC,1,3,-2,46,10
2017-10-21,INTC,1,4,-2,41,10
2017-10-20,INTC,2,4,-2,57,10
2017-10-19,INTC,1,4,-2,68,10
2017-10-18,INTC,2,4,-2,47,10
2017-10-17,INTC,1,4,-2,61,10
2017-10-16,INTC,1,4,-2,44,10
2017-10-15,INTC,1,3,-2,40,10
2017-10-14,INTC,1,3,-2,31,7
2017-10-13,INTC,1,3,-2,39,7
2017-10-12,INTC,1,3,-2,32,6
2017-10-11,INTC,3,5,1,38,7
2017-10-10,INTC,1,3,-2,62,10
2017-10-09,INTC,0,0,0,0,0
2017-10-08,INTC,0,0,0,0,0
2017-10-07,INTC,0,0,0,0,0
2017-10-06,INTC,0,0,0,0,0
2017-10-05,INTC,0,0,0,0,0
2017-10-04,INTC,1,2,1,3,7
2017-10-03,INTC,2,2,1,2,0
2017-10-02,INTC,0,0,0,0,0
2017-10-01,INTC,0,0,0,0,0
2017-09-30,INTC,2,4,-2,4,1
2017-09-29,INTC,0,0,0,0,0
2017-09-28,INTC,0,0,0,0,0
2017-09-27,INTC,0,0,0,0,0
2017-09-26,INTC,1,3,-2,25,5
2017-09-25,INTC,2,4,-1,39,10
2017-09-24,INTC,2,4,-1,23,9
2017-09-23,INTC,-1,3,-3,14,5
2017-09-22,INTC,1,3,-2,16,3
2017-09-21,INTC,0,0,0,0,0
2017-09-20,INTC,0,0,0,0,0
2017-09-19,INTC,0,0,0,0,0
2017-09-18,INTC,0,0,0,0,0
2017-09-17,INTC,0,0,0,0,0
2017-09-16,INTC,0,0,0,0,0
2017-09-15,INTC,0,0,0,0,0
2017-09-14,INTC,0,0,0,0,0
2017-09-13,INTC,0,0,0,0,0
2017-09-12,INTC,0,0,0,0,0
2017-09-11,INTC,1,3,-3,2,6
2017-09-10,INTC,-3,-3,-3,1,3
2017-09-09,INTC,-3,-3,-3,1,3
2017-09-08,INTC,0,0,0,0,0
2017-09-07,INTC,-3,-3,-3,1,3
2017-09-06,INTC,-1,1,-2,3,10
2017-09-05,INTC,0,0,0,0,0
2017-09-04,INTC,-3,1,-5,8,2
2017-09-03,INTC,2,5,-2,6,1
2017-09-02,INTC,4,5,2,6,1
2017-09-01,INTC,3,5,-1,3,0
2017-08-31,INTC,2,5,-3,10,1
2017-08-30,INTC,3,5,-2,12,1
2017-08-29,INTC,1,4,-3,12,1
2017-08-28,INTC,3,5,-2,5,1
2017-08-27,INTC,-5,-5,-5,1,1
2017-08-26,INTC,-1,3,-4,6,1
2017-08-25,INTC,3,5,-1,9,1
2017-08-24,INTC,1,4,-4,11,1
2017-08-23,INTC,2,5,-3,15,2
2017-08-22,INTC,1,5,-4,11,1
2017-08-21,INTC,2,5,-2,19,4
2017-08-20,INTC,-2,3,-5,5,2
2017-08-19,INTC,-2,4,-5,5,1
2017-08-18,INTC,-2,3,-5,14,1
2017-08-17,INTC,2,5,-2,23,3
2017-08-16,INTC,2,5,-3,58,8
2017-08-15,INTC,-3,1,-5,66,10
2017-08-14,INTC,1,4,-4,19,5
2017-08-13,INTC,-3,1,-5,3,2
2017-08-12,INTC,-1,5,-5,6,2
2017-08-11,INTC,2,5,-2,15,2
2017-08-10,INTC,2,5,-3,18,3
2017-08-09,INTC,1,4,-3,16,3
2017-08-08,INTC,2,5,-3,10,1
2017-08-07,INTC,-3,2,-5,7,4
2017-08-06,INTC,-1,4,-5,6,3
2017-08-05,INTC,-1,5,-5,11,2
2017-08-04,INTC,3,5,-2,5,0
2017-08-03,INTC,3,5,-2,8,1
2017-08-02,INTC,1,5,-4,14,2
2017-08-01,INTC,2,5,-2,20,3
2017-07-31,INTC,1,5,-3,13,4
2017-07-30,INTC,5,5,4,4,3
2017-07-29,INTC,1,4,-4,9,4
2017-07-28,INTC,2,5,-2,51,9
2017-07-27,INTC,2,5,-2,35,9
2017-07-26,INTC,3,5,-2,15,3
2017-07-25,INTC,-1,4,-5,43,10
2017-07-24,INTC,4,5,2,13,7
2017-07-23,INTC,4,5,3,4,5
2017-07-22,INTC,1,5,-4,10,4
2017-07-21,INTC,-4,-1,-5,14,4
2017-07-20,INTC,2,5,-2,19,4
2017-07-19,INTC,1,5,-3,14,3
2017-07-18,INTC,-1,3,-4,11,2
2017-07-17,INTC,-1,4,-4,9,4
2017-07-16,INTC,-1,3,-3,5,4
2017-07-15,INTC,1,5,-3,7,4
2017-07-14,INTC,2,5,-1,21,5
2017-07-13,INTC,3,5,-2,18,4
2017-07-12,INTC,2,5,-2,29,6
2017-07-11,INTC,3,5,-2,22,5
2017-07-10,INTC,-1,4,-4,17,7
2017-07-09,INTC,3,5,1,8,5
2017-07-08,INTC,-1,5,-5,5,5
2017-07-07,INTC,-2,3,-5,36,8
2017-07-06,INTC,-1,3,-4,27,6
2017-07-05,INTC,3,5,1,27,6
2017-07-04,INTC,2,5,-2,12,2
2017-07-03,INTC,4,5,2,9,3
2017-07-02,INTC,-5,-5,-5,1,3
2017-07-01,INTC,2,5,-3,6,4
2017-06-30,INTC,2,5,-2,23,5
2017-06-29,INTC,-2,2,-4,14,3
2017-06-28,INTC,1,4,-4,18,4
2017-06-27,INTC,2,5,-3,25,5
2017-06-26,INTC,1,4,-4,34,10
2017-06-25,INTC,1,4,-4,4,3
2017-06-24,INTC,2,5,-2,6,2
2017-06-23,INTC,1,5,-4,14,3
2017-06-22,INTC,1,5,-3,18,4
2017-06-21,INTC,-1,3,-5,46,10
2017-06-20,INTC,2,5,-2,27,6
2017-06-19,INTC,1,5,-4,14,8
2017-06-18,INTC,0,0,0,0,0
2017-06-17,INTC,-1,4,-4,28,7
2017-06-16,INTC,3,5,1,7,1
2017-06-15,INTC,3,5,-1,14,2
2017-06-14,INTC,2,5,-2,26,3
2017-06-13,INTC,2,5,-2,19,2
2017-06-12,INTC,2,5,-3,14,4
2017-06-11,INTC,1,4,-3,7,3
2017-06-10,INTC,-2,2,-5,10,3
2017-06-09,INTC,1,5,-4,22,3
2017-06-08,INTC,1,5,-4,26,3
2017-06-07,INTC,1,4,-4,25,3
2017-06-06,INTC,1,5,-4,23,3
2017-06-05,INTC,3,5,-2,21,4
2017-06-04,INTC,-1,4,-5,4,2
2017-06-03,INTC,5,5,4,8,2
2017-06-02,INTC,1,5,-4,17,2
2017-06-01,INTC,1,5,-3,37,5
2017-05-31,INTC,2,5,-3,34,4
2017-05-30,INTC,3,5,-1,31,4
2017-05-29,INTC,3,5,-1,16,4
2017-05-28,INTC,-1,5,-5,3,2
2017-05-27,INTC,-1,4,-5,6,1
2017-05-26,INTC,1,5,-4,16,2
2017-05-25,INTC,-1,4,-5,25,3
2017-05-24,INTC,-1,4,-4,29,4
2017-05-23,INTC,1,5,-4,39,5
2017-05-22,INTC,2,5,-3,19,5
2017-05-21,INTC,-1,4,-4,6,2
2017-05-20,INTC,1,4,-4,11,2
2017-05-19,INTC,3,5,-1,11,1
2017-05-18,INTC,-1,3,-5,20,2
2017-05-17,INTC,1,5,-4,65,10
2017-05-16,INTC,1,5,-4,65,10
2017-05-15,INTC,2,4,-1,12,3
2017-05-14,INTC,2,4,-1,4,2
2017-05-13,INTC,1,5,-5,15,3
2017-05-12,INTC,-1,4,-5,18,2
2017-05-11,INTC,1,4,-4,37,5
2017-05-10,INTC,1,4,-4,16,2
2017-05-09,INTC,3,5,-2,15,2
2017-05-08,INTC,-2,2,-5,18,4
2017-05-07,INTC,2,4,-1,5,2
2017-05-06,INTC,1,4,-2,6,2
2017-05-05,INTC,-1,4,-4,16,2
2017-05-04,INTC,3,5,-1,15,2
2017-05-03,INTC,2,5,-3,23,3
2017-05-02,INTC,-1,3,-5,28,4
2017-05-01,INTC,1,4,-4,10,4
2017-04-30,INTC,-1,5,-5,6,6
2017-04-29,INTC,-2,3,-5,23,8
2017-04-28,INTC,-1,4,-5,62,10
2017-04-27,INTC,2,5,-2,35,10
2017-04-26,INTC,1,5,-4,16,4
2017-04-25,INTC,3,5,1,11,2
2017-04-24,INTC,3,5,-2,17,6
2017-04-23,INTC,3,5,-3,4,2
2017-04-22,INTC,2,5,-2,5,2
2017-04-21,INTC,-2,2,-5,12,3
2017-04-20,INTC,1,5,-4,16,4
2017-04-19,INTC,1,5,-3,17,4
2017-04-18,INTC,1,5,-3,27,7
2017-04-17,INTC,1,5,-4,21,1
2017-04-16,INTC,-2,2,-5,8,4
2017-04-15,INTC,3,5,-2,8,3
2017-04-14,INTC,4,5,1,21,5
2017-04-13,INTC,1,4,-3,17,3
2017-04-12,INTC,1,5,-4,11,1
2017-04-11,INTC,-1,4,-4,24,1
2017-04-10,INTC,1,5,-4,21,1
2017-04-09,INTC,-1,4,-5,6,0
2017-04-08,INTC,-1,3,-5,6,0
2017-04-07,INTC,2,5,-2,25,1
2017-04-06,INTC,-1,4,-5,19,0
2017-04-05,INTC,2,5,-3,14,0
2017-04-04,INTC,1,4,-4,37,1
2017-04-03,INTC,1,4,-3,19,2
2017-04-02,INTC,2,5,-4,11,1
2017-04-01,INTC,3,5,-1,13,1
2017-03-31,INTC,2,5,-2,26,1
2017-03-30,INTC,2,5,-2,23,1
2017-03-29,INTC,1,4,-4,21,1
2017-03-28,INTC,-1,3,-4,33,1
2017-03-27,INTC,2,5,-2,17,2
2017-03-26,INTC,1,5,-5,10,0
2017-03-25,INTC,3,5,-1,32,2
2017-03-24,INTC,2,5,-3,38,1
2017-03-23,INTC,1,5,-4,30,1
2017-03-22,INTC,2,5,-2,30,1
2017-03-21,INTC,1,5,-3,19,0
2017-03-20,INTC,-1,4,-5,29,3
2017-03-19,INTC,3,5,-1,8,2
2017-03-18,INTC,-1,4,-4,32,2
2017-03-17,INTC,-1,4,-4,21,1
2017-03-16,INTC,-1,4,-4,23,1
2017-03-15,INTC,2,5,-3,58,2
2017-03-14,INTC,2,5,-3,95,4
2017-03-13,INTC,2,5,-2,170,10
2017-03-12,INTC,3,5,-2,9,2
2017-03-11,INTC,-1,4,-5,3,5
2017-03-10,INTC,2,5,-3,35,7
2017-03-09,INTC,1,5,-4,19,4
2017-03-08,INTC,-1,4,-5,17,3
2017-03-07,INTC,2,5,-1,20,2
2017-03-06,INTC,1,5,-4,10,2
2017-03-05,INTC,4,5,2,6,2
2017-03-04,INTC,-2,3,-5,6,2
2017-03-03,INTC,1,5,-4,12,1
2017-03-02,INTC,-1,4,-4,24,2
2017-03-01,INTC,2,5,-3,27,3
2017-02-28,INTC,2,5,-2,16,1
2017-02-27,INTC,0,0,0,0,0
2017-02-26,INTC,0,0,0,0,0
2017-02-25,INTC,0,0,0,0,0
2017-02-24,INTC,1,5,-4,8,0
2017-02-23,INTC,1,5,-4,8,0
2017-02-22,INTC,5,5,5,3,0
2017-02-21,INTC,2,5,-3,25,2
2017-02-20,INTC,2,5,-3,11,1
2017-02-19,INTC,-2,3,-5,9,1
2017-02-18,INTC,2,5,-2,7,1
2017-02-17,INTC,1,5,-4,25,2
2017-02-16,INTC,1,5,-3,30,3
2017-02-15,INTC,-1,3,-4,19,2
2017-02-14,INTC,2,5,-3,29,3
2017-02-13,INTC,2,5,-3,31,6
2017-02-12,INTC,1,4,-3,13,3
2017-02-11,INTC,-1,3,-5,12,2
2017-02-10,INTC,1,5,-3,27,3
2017-02-09,INTC,3,5,-1,54,6
2017-02-08,INTC,3,5,-1,38,4
2017-02-07,INTC,1,5,-4,39,4
2017-02-06,INTC,-2,2,-5,76,10
2017-02-05,INTC,2,5,-2,15,4
2017-02-04,INTC,1,4,-3,17,2
2017-02-03,INTC,2,5,-3,11,1
2017-02-02,INTC,2,5,-3,25,3
2017-02-01,INTC,-1,3,-5,25,3
2017-01-31,INTC,2,5,-2,26,3
2017-01-30,INTC,1,5,-4,13,4
2017-01-29,INTC,3,5,-2,6,5
2017-01-28,INTC,3,5,1,13,6
2017-01-27,INTC,2,5,-3,84,10
2017-01-26,INTC,2,5,-3,36,5
2017-01-25,INTC,1,5,-4,22,3
2017-01-24,INTC,-1,3,-4,40,5
2017-01-23,INTC,1,4,-4,34,7
2017-01-22,INTC,2,5,-2,9,3
2017-01-21,INTC,1,5,-3,9,2
2017-01-20,INTC,1,5,-3,14,2
2017-01-19,INTC,2,5,-2,27,3
2017-01-18,INTC,1,5,-4,22,3
2017-01-17,INTC,1,5,-5,19,2
2017-01-16,INTC,3,5,-1,15,4
2017-01-15,INTC,5,5,4,3,2
2017-01-14,INTC,4,5,1,9,2
2017-01-13,INTC,2,5,-3,20,2
2017-01-12,INTC,-1,4,-4,31,4
2017-01-11,INTC,1,5,-4,38,5
2017-01-10,INTC,-1,4,-5,26,3
2017-01-09,INTC,1,4,-4,27,10
2017-01-08,INTC,-1,4,-4,13,7
2017-01-07,INTC,1,4,-4,35,8
2017-01-06,INTC,2,5,-2,42,6
2017-01-05,INTC,2,5,-2,60,8
2017-01-04,INTC,2,5,-2,68,10
2017-01-03,INTC,3,5,-1,50,10
2017-01-02,INTC,-2,2,-5,11,5
2017-01-01,INTC,1,4,-4,2,3
2016-12-31,INTC,2,5,-3,12,4
2016-12-30,INTC,1,5,-3,15,3
2016-12-29,INTC,-3,1,-5,16,3
2016-12-28,INTC,-1,3,-5,28,4
2016-12-27,INTC,-1,4,-4,7,1
2016-12-26,INTC,2,5,-2,7,2
2016-12-25,INTC,3,5,1,3,2
2016-12-24,INTC,1,4,-3,7,2
2016-12-23,INTC,2,5,-3,16,2
2016-12-22,INTC,-1,4,-5,13,2
2016-12-21,INTC,3,5,-1,18,2
2016-12-20,INTC,3,5,-1,13,2
2016-12-19,INTC,3,5,-1,44,10
2016-12-18,INTC,-1,3,-4,9,5
2016-12-17,INTC,1,4,-3,25,5
2016-12-16,INTC,2,5,-3,16,2
2016-12-15,INTC,2,5,-2,28,4
2016-12-14,INTC,3,5,-1,36,5
2016-12-13,INTC,2,5,-3,32,5
2016-12-12,INTC,4,5,2,32,8
2016-12-11,INTC,3,5,1,11,4
2016-12-10,INTC,-2,2,-5,9,3
2016-12-09,INTC,-1,4,-4,18,2
2016-12-08,INTC,-1,4,-5,46,7
2016-12-07,INTC,2,4,-2,32,5
2016-12-06,INTC,2,5,-3,31,5
2016-12-05,INTC,1,4,-4,22,3
2016-12-04,INTC,2,5,-3,8,7
2016-12-03,INTC,2,5,-3,17,4
2016-12-02,INTC,-1,4,-5,14,2
2016-12-01,INTC,1,5,-4,28,4
2016-11-30,INTC,2,5,-3,35,5
2016-11-29,INTC,3,5,-1,51,10
2016-11-28,INTC,0,0,0,0,0
2016-11-27,INTC,0,0,0,0,0
2016-11-26,INTC,0,0,0,0,0
2016-11-25,INTC,2,5,-2,18,5
2016-11-24,INTC,2,5,-2,18,5
2016-11-23,INTC,2,5,-2,19,4
2016-11-22,INTC,1,4,-4,28,7
2016-11-21,INTC,2,5,-3,19,9
2016-11-20,INTC,3,5,1,5,5
2016-11-19,INTC,2,5,-3,11,5
2016-11-18,INTC,2,5,-3,24,3
2016-11-17,INTC,2,5,-3,24,1
2016-11-16,INTC,4,5,1,24,1
2016-11-15,INTC,3,5,-1,31,1
2016-11-14,INTC,1,5,-3,13,1
2016-11-13,INTC,-1,2,-3,5,1
2016-11-12,INTC,-1,3,-4,12,0
2016-11-11,INTC,2,5,-3,9,0
2016-11-10,INTC,3,5,-2,9,0
2016-11-09,INTC,1,4,-4,10,0
2016-11-08,INTC,3,5,-1,12,0
2016-11-07,INTC,2,5,-3,21,1
2016-11-06,INTC,-5,-5,-5,3,1
2016-11-05,INTC,1,5,-4,7,1
2016-11-04,INTC,1,4,-4,26,1
2016-11-03,INTC,2,5,-3,25,1
2016-11-02,INTC,-1,3,-5,21,1
2016-11-01,INTC,1,5,-4,28,1
2016-10-31,INTC,1,5,-4,19,2
2016-10-30,INTC,1,5,-4,11,1
2016-10-29,INTC,-1,4,-4,12,1
2016-10-28,INTC,1,5,-4,21,1
2016-10-27,INTC,3,5,-1,31,1
2016-10-26,INTC,1,5,-4,33,1
2016-10-25,INTC,2,5,-1,50,2
2016-10-24,INTC,2,5,-2,20,2
2016-10-23,INTC,3,5,-1,6,1
2016-10-22,INTC,-2,1,-5,17,1
2016-10-21,INTC,1,4,-3,31,1
2016-10-20,INTC,2,5,-2,76,4
2016-10-19,INTC,-1,4,-4,202,10
2016-10-18,INTC,1,5,-3,65,10
2016-10-17,INTC,3,5,-1,17,9
2016-10-16,INTC,2,5,-3,13,8
2016-10-15,INTC,2,5,-3,22,5
2016-10-14,INTC,2,5,-2,36,4
2016-10-13,INTC,1,4,-4,25,3
2016-10-12,INTC,1,4,-3,24,2
2016-10-11,INTC,1,5,-3,26,3
2016-10-10,INTC,2,5,-3,10,2
2016-10-09,INTC,3,5,-1,5,1
2016-10-08,INTC,4,5,2,8,1
2016-10-07,INTC,1,5,-3,13,1
2016-10-06,INTC,2,5,-2,21,2
2016-10-05,INTC,1,4,-4,16,1
2016-10-04,INTC,1,5,-4,12,1
2016-10-03,INTC,1,5,-4,23,3
2016-10-02,INTC,-1,4,-4,5,1
2016-10-01,INTC,2,5,-3,4,1
2016-09-30,INTC,-2,2,-5,22,2
2016-09-29,INTC,2,5,-2,10,1
2016-09-28,INTC,-1,4,-5,40,4
2016-09-27,INTC,2,5,-3,25,3
2016-09-26,INTC,2,5,-3,15,3
2016-09-25,INTC,1,5,-5,5,2
2016-09-24,INTC,2,5,-3,8,2
2016-09-23,INTC,1,5,-4,23,2
2016-09-22,INTC,3,5,-2,24,2
2016-09-21,INTC,1,5,-3,21,2
2016-09-20,INTC,2,5,-3,69,8
2016-09-19,INTC,1,5,-3,55,10
2016-09-18,INTC,-2,2,-5,9,10
2016-09-17,INTC,2,5,-2,30,8
2016-09-16,INTC,3,5,1,80,10
2016-09-15,INTC,1,5,-4,28,4
2016-09-14,INTC,1,4,-4,16,2
2016-09-13,INTC,2,5,-2,18,2
2016-09-12,INTC,3,5,-1,18,4
2016-09-11,INTC,-2,1,-5,5,1
2016-09-10,INTC,1,5,-5,2,0
2016-09-09,INTC,0,0,0,0,0
2016-09-08,INTC,0,0,0,0,0
2016-09-07,INTC,0,0,0,0,0
2016-09-06,INTC,0,0,0,0,0
2016-09-05,INTC,5,5,5,1,1
2016-09-04,INTC,2,5,-1,6,2
2016-09-03,INTC,-3,2,-5,5,2
2016-09-02,INTC,3,5,-1,25,3
2016-09-01,INTC,-1,4,-4,21,3
2016-08-31,INTC,3,5,-1,24,3
2016-08-30,INTC,2,5,-2,29,4
2016-08-29,INTC,2,5,-2,15,6
2016-08-28,INTC,-1,4,-4,11,5
2016-08-27,INTC,1,5,-4,12,3
2016-08-26,INTC,2,5,-3,23,3
2016-08-25,INTC,2,5,-3,18,2
2016-08-24,INTC,-1,4,-4,21,3
2016-08-23,INTC,2,5,-2,21,3
2016-08-22,INTC,1,5,-4,14,5
2016-08-21,INTC,3,5,-1,7,4
2016-08-20,INTC,3,5,-1,16,4
2016-08-19,INTC,1,5,-3,30,3
2016-08-18,INTC,1,5,-3,55,7
2016-08-17,INTC,1,4,-3,69,9
2016-08-16,INTC,1,5,-3,44,5
2016-08-15,INTC,3,5,-1,17,4
2016-08-14,INTC,1,4,-3,10,3
2016-08-13,INTC,1,4,-4,8,2
2016-08-12,INTC,2,5,-3,24,3
2016-08-11,INTC,-1,3,-5,13,1
2016-08-10,INTC,2,4,-2,31,7
2016-08-09,INTC,2,4,-1,22,4
2016-08-08,INTC,-1,3,-3,24,5
2016-08-07,INTC,0,0,0,0,0
2016-08-06,INTC,0,0,0,0,0
2016-08-05,INTC,1,3,-2,12,2
2016-08-04,INTC,-2,1,-4,27,6
2016-08-03,INTC,1,4,-2,43,8
2016-08-02,INTC,1,3,-2,45,8
2016-08-01,INTC,-1,2,-2,11,6
2016-07-31,INTC,1,3,-2,10,5
2016-07-30,INTC,1,3,-2,13,4
2016-07-29,INTC,1,4,-2,20,3
2016-07-28,INTC,1,3,-2,35,3
2016-07-27,INTC,1,3,-2,52,4
2016-07-26,INTC,1,3,-3,49,4
2016-07-25,INTC,1,4,-2,25,5
2016-07-24,INTC,1,3,-2,15,5
2016-07-23,INTC,2,3,-1,18,4
2016-07-22,INTC,-1,3,-3,62,5
2016-07-21,INTC,-1,3,-3,107,10
2016-07-20,INTC,1,3,-2,64,10
2016-07-19,INTC,-1,3,-3,37,6
2016-07-18,INTC,1,3,-2,45,10
2016-07-17,INTC,-1,2,-2,11,8
2016-07-16,INTC,1,4,-2,22,7
2016-07-15,INTC,1,4,-2,37,6
2016-07-14,INTC,1,3,-2,48,9
2016-07-13,INTC,2,3,-1,45,8
2016-07-12,INTC,2,3,-1,53,10
2016-07-11,INTC,2,3,-1,23,10
2016-07-10,INTC,2,4,-1,8,8
2016-07-09,INTC,1,3,-2,16,7
2016-07-08,INTC,1,4,-3,26,2
2016-07-07,INTC,1,3,-2,40,3
2016-07-06,INTC,-1,3,-3,26,2
2016-07-05,INTC,1,3,-2,36,3
2016-07-04,INTC,1,3,-2,24,5
2016-07-03,INTC,1,3,-2,9,6
2016-07-02,INTC,2,3,-1,19,6
2016-07-01,INTC,-1,3,-3,102,10
2016-06-30,INTC,1,3,-2,76,10
2016-06-29,INTC,1,3,-2,18,3
2016-06-28,INTC,-1,2,-3,24,4
2016-06-27,INTC,-1,2,-2,57,10
2016-06-26,INTC,-1,1,-2,14,7
2016-06-25,INTC,1,2,-2,11,5
2016-06-24,INTC,-1,3,-3,22,5
2016-06-23,INTC,2,5,-3,30,8
2016-06-22,INTC,1,5,-4,14,4
2016-06-21,INTC,-1,4,-4,21,6
2016-06-20,INTC,-1,4,-4,24,6
2016-06-19,INTC,3,4,2,3,3
2016-06-18,INTC,3,4,2,3,7
2016-06-17,INTC,-1,4,-5,16,10
2016-06-16,INTC,2,5,-3,30,8
2016-06-15,INTC,1,5,-4,14,4
2016-06-14,INTC,1,3,-2,36,7
2016-06-13,INTC,-1,2,-2,33,10
2016-06-12,INTC,1,3,-3,14,9
2016-06-11,INTC,1,2,-2,16,8
2016-06-10,INTC,1,3,-3,50,10
2016-06-09,INTC,2,4,-2,21,4
2016-06-08,INTC,2,4,-1,20,3
2016-06-07,INTC,1,4,-2,32,5
2016-06-06,INTC,1,3,-2,15,5
2016-06-05,INTC,1,4,-3,10,3
2016-06-04,INTC,3,5,2,3,2
2016-06-03,INTC,1,3,-2,24,4
2016-06-02,INTC,1,3,-2,43,7
2016-06-01,INTC,1,4,-2,53,9
2016-05-31,INTC,2,3,-1,55,10
2016-05-30,INTC,2,4,-1,27,10
2016-05-29,INTC,1,3,-2,7,6
2016-05-28,INTC,-1,2,-3,6,6
2016-05-27,INTC,1,4,-2,37,9
2016-05-26,INTC,2,4,-1,38,9
2016-05-25,INTC,1,3,-2,36,8
2016-05-24,INTC,2,4,-2,39,7
2016-05-23,INTC,-2,2,-4,30,8
2016-05-22,INTC,1,2,-1,6,4
2016-05-21,INTC,1,2,-2,10,4
2016-05-20,INTC,1,3,-2,32,5
2016-05-19,INTC,1,3,-2,35,6
2016-05-18,INTC,2,3,-1,43,7
2016-05-17,INTC,2,4,-2,51,9
2016-05-16,INTC,-1,2,-2,55,10
2016-05-15,INTC,-1,2,-3,38,10
2016-05-14,INTC,-1,3,-3,28,10
2016-05-13,INTC,-1,2,-3,52,9
2016-05-12,INTC,-1,2,-2,53,10
2016-05-11,INTC,1,3,-2,30,6
2016-05-10,INTC,1,3,-2,39,7
2016-05-09,INTC,1,3,-2,42,10
2016-05-08,INTC,-1,3,-3,26,10
2016-05-07,INTC,1,3,-2,24,8
2016-05-06,INTC,1,3,-2,37,7
2016-05-05,INTC,-1,2,-2,50,10
2016-05-04,INTC,-1,2,-3,36,7
2016-05-03,INTC,1,3,-2,34,7
2016-05-02,INTC,-1,2,-3,46,10
2016-05-01,INTC,-1,2,-2,16,10
2016-04-30,INTC,1,4,-2,23,10
2016-04-29,INTC,-1,2,-3,43,5
2016-04-28,INTC,1,3,-2,42,3
2016-04-27,INTC,1,3,-2,39,1
2016-04-26,INTC,1,3,-2,41,1
2016-04-25,INTC,1,3,-2,43,3
2016-04-24,INTC,-1,2,-3,13,2
2016-04-23,INTC,-1,1,-3,27,2
2016-04-22,INTC,-1,3,-3,80,3
2016-04-21,INTC,1,3,-2,136,5
2016-04-20,INTC,-1,2,-3,241,10
2016-04-19,INTC,1,3,-3,140,10
2016-04-18,INTC,1,3,-2,64,10
2016-04-17,INTC,1,4,-2,16,10
2016-04-16,INTC,-1,3,-4,21,8
2016-04-15,INTC,1,3,-3,49,9
2016-04-14,INTC,1,3,-2,52,10
2016-04-13,INTC,1,3,-2,36,8
2016-04-12,INTC,2,3,-1,31,5
2016-04-11,INTC,1,4,-2,29,7
2016-04-10,INTC,2,4,-2,10,3
2016-04-09,INTC,1,3,-1,8,2
2016-04-08,INTC,1,3,-2,16,2
2016-04-07,INTC,1,3,-2,33,5
2016-04-06,INTC,1,3,-2,42,6
2016-04-05,INTC,1,4,-2,52,8
2016-04-04,INTC,1,3,-1,62,10
2016-04-03,INTC,1,3,-2,7,8
2016-04-02,INTC,1,2,-2,19,9
2016-04-01,INTC,1,3,-2,46,10
2016-03-31,INTC,-1,3,-3,30,8
2016-03-30,INTC,1,3,-2,34,6
2016-03-29,INTC,1,3,-2,29,2
2016-03-28,INTC,1,3,-2,33,5
2016-03-27,INTC,2,4,-1,15,3
2016-03-26,INTC,-1,3,-3,12,2
2016-03-25,INTC,-1,3,-3,19,1
2016-03-24,INTC,1,4,-2,25,2
2016-03-23,INTC,1,3,-3,51,4
2016-03-22,INTC,-1,2,-3,108,10
2016-03-21,INTC,1,4,-2,53,10
2016-03-20,INTC,2,3,-1,7,4
2016-03-19,INTC,2,4,-1,9,3
2016-03-18,INTC,1,3,-2,25,4
2016-03-17,INTC,1,3,-2,58,10
2016-03-16,INTC,3,5,-1,34,6
2016-03-15,INTC,2,4,-1,26,5
2016-03-14,INTC,2,4,1,25,8
2016-03-13,INTC,2,4,-1,5,5
2016-03-12,INTC,-1,2,-3,12,5
2016-03-11,INTC,1,3,-2,30,6
2016-03-10,INTC,1,3,-1,39,4
2016-03-09,INTC,1,3,-2,49,5
2016-03-08,INTC,1,3,-2,31,3
2016-03-07,INTC,1,3,-2,28,8
2016-03-06,INTC,1,3,-2,23,6
2016-03-05,INTC,1,3,-1,20,4
2016-03-04,INTC,1,3,-2,41,4
2016-03-03,INTC,1,3,-2,85,10
2016-03-02,INTC,1,3,-2,43,8
2016-03-01,INTC,2,3,-1,38,5
2016-02-29,INTC,2,4,-1,45,8
2016-02-28,INTC,3,5,-1,19,5
2016-02-27,INTC,1,3,-2,22,4
2016-02-26,INTC,2,3,-1,35,3
2016-02-25,INTC,1,4,-2,50,5
2016-02-24,INTC,1,3,-1,44,4
2016-02-23,INTC,1,3,-2,64,6
2016-02-22,INTC,2,4,-1,96,10
2016-02-21,INTC,2,4,-1,29,10
2016-02-20,INTC,2,4,-1,16,7
2016-02-19,INTC,-1,3,-3,47,9
2016-02-18,INTC,1,3,-3,45,8
2016-02-17,INTC,1,3,-1,26,5
2016-02-16,INTC,1,4,-2,52,10
2016-02-15,INTC,1,4,-3,26,10
2016-02-14,INTC,2,4,-1,12,10
2016-02-13,INTC,2,4,-1,23,10
2016-02-12,INTC,1,3,-2,44,10
2016-02-11,INTC,1,3,-2,21,5
2016-02-10,INTC,1,4,-2,30,5
2016-02-09,INTC,1,3,-2,42,8
2016-02-08,INTC,-1,2,-3,30,10
2016-02-07,INTC,-1,3,-3,7,7
2016-02-06,INTC,1,3,-2,21,6
2016-02-05,INTC,-1,2,-2,27,5
2016-02-04,INTC,1,3,-2,37,7
2016-02-03,INTC,1,3,-2,52,10
2016-02-02,INTC,1,3,-2,42,10
2016-02-01,INTC,1,4,-3,20,10
2016-01-31,INTC,1,3,-2,17,10
2016-01-30,INTC,-1,2,-3,12,8
2016-01-29,INTC,1,3,-1,38,7
2016-01-28,INTC,-1,2,-3,33,6
2016-01-27,INTC,2,4,-1,35,4
2016-01-26,INTC,2,4,-1,36,4
2016-01-25,INTC,1,3,-2,33,6
2016-01-24,INTC,-1,2,-2,9,4
2016-01-23,INTC,2,3,-1,11,4
2016-01-22,INTC,1,3,-2,50,1
2016-01-21,INTC,1,3,-2,52,1
2016-01-20,INTC,1,3,-2,71,2
2016-01-19,INTC,1,4,-2,86,3
2016-01-18,INTC,1,3,-2,66,5
2016-01-17,INTC,1,3,-2,29,6
2016-01-16,INTC,-1,1,-3,44,6
2016-01-15,INTC,-1,2,-4,264,10
2016-01-14,INTC,1,3,-3,172,10
2016-01-13,INTC,1,3,-2,69,6
2016-01-12,INTC,1,3,-2,91,8
2016-01-11,INTC,-1,2,-3,55,9
2016-01-10,INTC,-1,2,-2,22,6
2016-01-09,INTC,1,3,-2,26,4
2016-01-08,INTC,-1,2,-3,59,5
2016-01-07,INTC,1,3,-2,93,8
2016-01-06,INTC,1,3,-1,113,10
2016-01-05,INTC,2,4,-2,81,10
2016-01-04,INTC,1,3,-2,56,10
2016-01-03,INTC,1,3,-2,17,10
2016-01-02,INTC,1,3,-2,26,7
2016-01-01,INTC,1,4,-2,17,3
2015-12-31,INTC,2,4,-2,21,4
2015-12-30,INTC,1,3,-1,35,7
2015-12-29,INTC,1,3,-2,49,10
2015-12-28,INTC,2,4,-2,36,10
2015-12-27,INTC,1,3,-2,6,8
2015-12-26,INTC,1,3,-2,11,7
2015-12-25,INTC,-2,1,-3,15,5
2015-12-24,INTC,1,3,-2,20,4
2015-12-23,INTC,1,3,-2,23,4
2015-12-22,INTC,-1,2,-3,25,5
2015-12-21,INTC,2,4,-1,23,10
2015-12-20,INTC,2,4,-1,22,8
2015-12-19,INTC,1,3,-2,9,4
2015-12-18,INTC,1,3,-3,28,5
2015-12-17,INTC,1,3,-2,45,9
2015-12-16,INTC,1,4,-2,48,10
2015-12-15,INTC,2,5,-1,22,6
2015-12-14,INTC,1,4,-2,22,10
2015-12-13,INTC,1,2,-2,6,8
2015-12-12,INTC,-1,2,-2,14,8
2015-12-11,INTC,1,3,-2,32,8
2015-12-10,INTC,1,3,-2,36,9
2015-12-09,INTC,2,4,-2,34,7
2015-12-08,INTC,2,4,-2,33,7
2015-12-07,INTC,1,3,-2,37,10
2015-12-06,INTC,1,3,-3,19,9
2015-12-05,INTC,1,3,-3,10,6
2015-12-04,INTC,1,2,-2,34,7
2015-12-03,INTC,1,3,-2,27,6
2015-12-02,INTC,1,4,-2,43,6
2015-12-01,INTC,1,4,-3,43,6
2015-11-30,INTC,1,5,-4,12,3
2015-11-29,INTC,2,5,-4,7,4
2015-11-28,INTC,3,5,-1,6,5
2015-11-27,INTC,2,5,-2,17,2
2015-11-26,INTC,0,0,0,0,0
2015-11-25,INTC,1,5,-4,26,4
2015-11-24,INTC,1,5,-4,42,6
2015-11-23,INTC,2,5,-3,36,10
2015-11-22,INTC,1,4,-4,24,9
2015-11-21,INTC,-1,3,-4,20,8
2015-11-20,INTC,1,5,-3,63,10
2015-11-19,INTC,1,4,-4,48,7
2015-11-18,INTC,2,5,-2,50,6
2015-11-17,INTC,2,5,-3,28,3
2015-11-16,INTC,1,5,-4,35,5
2015-11-15,INTC,-4,-4,-5,5,1
2015-11-14,INTC,-1,4,-5,4,1
2015-11-13,INTC,-2,3,-5,12,1
2015-11-12,INTC,-2,4,-5,3,0
2015-11-11,INTC,2,5,-3,23,0
2015-11-10,INTC,2,5,-3,37,1
2015-11-09,INTC,2,5,-4,12,1
2015-11-08,INTC,1,5,-5,17,1
2015-11-07,INTC,-2,3,-5,8,0
2015-11-06,INTC,1,5,-3,49,1
2015-11-05,INTC,-1,4,-5,41,1
2015-11-04,INTC,2,5,-3,41,1
2015-11-03,INTC,2,5,-3,53,1
2015-11-02,INTC,1,4,-4,36,2
2015-11-01,INTC,1,5,-4,20,1
2015-10-31,INTC,1,5,-4,22,1
2015-10-30,INTC,1,5,-3,42,1
2015-10-29,INTC,-2,2,-5,41,1
2015-10-28,INTC,-1,4,-5,19,0
2015-10-27,INTC,1,5,-4,27,0
2015-10-26,INTC,-1,4,-5,52,2
2015-10-25,INTC,2,5,-4,9,1
2015-10-24,INTC,3,5,-2,17,1
2015-10-23,INTC,1,5,-4,37,1
2015-10-22,INTC,1,5,-4,57,1
2015-10-21,INTC,1,5,-4,68,2
2015-10-20,INTC,-1,4,-5,92,3
2015-10-19,INTC,-2,3,-5,59,4
2015-10-18,INTC,-2,3,-5,20,2
2015-10-17,INTC,-2,2,-5,46,2
2015-10-16,INTC,-1,4,-5,81,2
2015-10-15,INTC,-2,2,-5,103,3
2015-10-14,INTC,-2,2,-5,327,10
2015-10-13,INTC,1,5,-4,190,10
2015-10-12,INTC,2,5,-3,125,10
2015-10-11,INTC,1,4,-3,18,6
2015-10-10,INTC,1,5,-3,23,7
2015-10-09,INTC,2,5,-3,69,8
2015-10-08,INTC,1,4,-4,58,7
2015-10-07,INTC,-1,4,-5,91,10
2015-10-06,INTC,2,5,-3,66,10
2015-10-05,INTC,2,5,-3,42,10
2015-10-04,INTC,5,5,4,4,5
2015-10-03,INTC,0,0,0,0,0
2015-10-02,INTC,1,5,-4,34,4
2015-10-01,INTC,-1,4,-5,43,4
2015-09-30,INTC,1,5,-4,38,3
2015-09-29,INTC,1,5,-4,45,4
2015-09-28,INTC,-5,-5,-5,1,1
2015-09-27,INTC,1,5,-4,12,6
2015-09-26,INTC,-2,3,-5,4,8
2015-09-25,INTC,2,5,-2,46,10
2015-09-24,INTC,-1,4,-4,38,10
2015-09-23,INTC,-1,4,-5,46,10
2015-09-22,INTC,1,5,-4,23,8
2015-09-21,INTC,-1,4,-4,43,6
2015-09-20,INTC,2,5,-3,19,6
2015-09-19,INTC,2,5,-2,8,7
2015-09-18,INTC,-1,4,-4,35,10
2015-09-17,INTC,1,5,-4,34,10
2015-09-16,INTC,-1,4,-5,38,10
2015-09-15,INTC,2,5,-3,44,8
2015-09-14,INTC,1,5,-4,36,5
2015-09-13,INTC,2,5,-1,8,8
2015-09-12,INTC,1,3,-2,12,8
2015-09-11,INTC,1,3,-2,38,5
2015-09-10,INTC,2,4,-1,30,3
2015-09-09,INTC,-1,1,-2,2,0
2015-09-08,INTC,0,0,0,0,0
2015-09-07,INTC,1,2,-2,3,2
2015-09-06,INTC,2,4,-1,6,3
2015-09-05,INTC,-1,2,-3,16,4
2015-09-04,INTC,1,3,-2,68,5
2015-09-03,INTC,1,4,-2,88,7
2015-09-02,INTC,2,4,-1,123,10
2015-09-01,INTC,-1,2,-2,43,6
2015-08-31,INTC,-1,3,-3,41,10
2015-08-30,INTC,1,4,-2,14,7
2015-08-29,INTC,1,3,-2,21,6
2015-08-28,INTC,1,3,-2,35,5
2015-08-27,INTC,1,3,-2,38,5
2015-08-26,INTC,1,3,-2,33,4
2015-08-25,INTC,1,3,-2,64,9
2015-08-24,INTC,1,3,-2,57,10
2015-08-23,INTC,1,3,-2,10,4
2015-08-22,INTC,-1,3,-4,8,3
2015-08-21,INTC,1,3,-3,35,5
2015-08-20,INTC,1,4,-2,61,8
2015-08-19,INTC,1,3,-2,69,10
2015-08-18,INTC,1,3,-1,48,8
2015-08-17,INTC,1,2,-2,20,5
2015-08-16,INTC,2,4,1,4,3
2015-08-15,INTC,1,3,-2,6,3
2015-08-14,INTC,1,4,-2,33,5
2015-08-13,INTC,1,3,-2,60,10
2015-08-12,INTC,1,3,-3,39,6
2015-08-11,INTC,1,3,-2,48,8
2015-08-10,INTC,1,3,-2,47,10
2015-08-09,INTC,1,4,-2,10,5
2015-08-08,INTC,2,4,-1,9,5
2015-08-07,INTC,1,3,-2,48,8
2015-08-06,INTC,1,3,-2,60,10
2015-08-05,INTC,1,3,-2,35,6
2015-08-04,INTC,1,3,-2,44,6
2015-08-03,INTC,-1,3,-3,29,9
2015-08-02,INTC,1,2,-2,17,7
2015-08-01,INTC,-1,3,-3,16,5
2015-07-31,INTC,-1,3,-3,42,6
2015-07-30,INTC,1,3,-2,45,7
2015-07-29,INTC,1,3,-2,58,9
2015-07-28,INTC,2,4,-1,64,10
2015-07-27,INTC,-1,2,-3,37,9
2015-07-26,INTC,1,3,-1,9,6
2015-07-25,INTC,-2,1,-4,12,6
2015-07-24,INTC,-1,2,-2,53,5
2015-07-23,INTC,1,4,-2,54,2
2015-07-22,INTC,1,3,-3,37,1
2015-07-21,INTC,-1,3,-3,59,2
2015-07-20,INTC,1,3,-2,49,3
2015-07-19,INTC,1,3,-2,16,2
2015-07-18,INTC,-1,2,-3,23,2
2015-07-17,INTC,1,4,-2,91,3
2015-07-16,INTC,2,4,-2,255,10
2015-07-15,INTC,1,3,-2,167,10
2015-07-14,INTC,1,3,-2,132,10
2015-07-13,INTC,1,4,-2,66,10
2015-07-12,INTC,1,2,-1,9,7
2015-07-11,INTC,1,4,-2,18,7
2015-07-10,INTC,1,3,-2,42,7
2015-07-09,INTC,1,3,-2,44,6
2015-07-08,INTC,-1,2,-3,42,6
2015-07-07,INTC,1,4,-2,55,8
2015-07-06,INTC,-1,2,-4,38,7
2015-07-05,INTC,1,3,-2,6,4
2015-07-04,INTC,2,4,-1,7,4
2015-07-03,INTC,1,3,-2,40,6
2015-07-02,INTC,-1,2,-2,64,10
2015-07-01,INTC,2,4,-2,37,6
2015-06-30,INTC,1,3,-2,32,5
2015-06-29,INTC,1,3,-2,40,10
2015-06-28,INTC,2,4,-1,8,7
2015-06-27,INTC,-2,1,-3,19,7
2015-06-26,INTC,-1,2,-3,55,8
2015-06-25,INTC,2,4,-1,48,7
2015-06-24,INTC,2,3,-1,43,6
2015-06-23,INTC,1,3,-2,64,10
2015-06-22,INTC,2,4,-1,48,10
2015-06-21,INTC,2,5,-2,8,9
2015-06-20,INTC,-1,2,-3,22,9
2015-06-19,INTC,1,3,-2,48,10
2015-06-18,INTC,1,4,-2,38,8
2015-06-17,INTC,2,4,-2,38,5
2015-06-16,INTC,1,3,-2,29,2
2015-06-15,INTC,1,4,-2,36,5
2015-06-14,INTC,-1,1,-2,5,3
2015-06-13,INTC,1,3,-3,19,3
2015-06-12,INTC,1,3,-2,46,4
2015-06-11,INTC,1,3,-2,45,4
2015-06-10,INTC,2,4,-2,66,6
2015-06-09,INTC,1,3,-2,106,5
2015-06-08,INTC,1,3,-2,58,4
2015-06-07,INTC,1,2,-2,9,2
2015-06-06,INTC,-1,2,-2,15,2
2015-06-05,INTC,1,3,-2,58,3
2015-06-04,INTC,1,3,-2,46,2
2015-06-03,INTC,1,3,-2,86,4
2015-06-02,INTC,1,3,-2,188,10
2015-06-01,INTC,0,0,0,0,0
2015-05-31,INTC,1,4,-2,21,5
2015-05-30,INTC,-1,2,-3,16,6
2015-05-29,INTC,1,3,-2,159,10
2015-05-28,INTC,1,3,-2,78,10
2015-05-27,INTC,1,3,-1,75,10
2015-05-26,INTC,1,3,-2,33,5
2015-05-25,INTC,2,4,-1,17,3
2015-05-24,INTC,2,3,1,7,3
2015-05-23,INTC,-1,3,-3,14,3
2015-05-22,INTC,1,3,-2,38,3
2015-05-21,INTC,1,3,-2,36,3
2015-05-20,INTC,2,3,-1,41,3
2015-05-19,INTC,1,4,-2,63,6
2015-05-18,INTC,1,3,-2,104,10
2015-05-17,INTC,2,4,1,17,10
2015-05-16,INTC,2,4,-1,17,8
2015-05-15,INTC,2,4,-1,50,10
2015-05-14,INTC,1,3,-2,47,8
2015-05-13,INTC,1,3,-2,47,8
2015-05-12,INTC,1,4,-2,48,8
2015-05-11,INTC,2,4,-2,47,10
2015-05-10,INTC,2,4,-2,8,7
2015-05-09,INTC,1,3,-2,21,6
2015-05-08,INTC,1,3,-2,32,5
2015-05-07,INTC,1,4,-2,56,10
2015-05-06,INTC,1,3,-2,53,10
2015-05-05,INTC,2,4,-1,46,8
2015-05-04,INTC,2,4,-1,24,8
2015-05-03,INTC,1,3,-1,5,5
2015-05-02,INTC,2,4,-2,14,6
2015-05-01,INTC,1,3,-2,35,5
2015-04-30,INTC,1,3,-1,45,7
2015-04-29,INTC,1,3,-3,26,4
2015-04-28,INTC,1,3,-2,53,8
2015-04-27,INTC,1,3,-2,51,10
2015-04-26,INTC,1,3,-2,16,7
2015-04-25,INTC,2,4,-1,9,6
2015-04-24,INTC,2,4,-1,59,9
2015-04-23,INTC,1,3,-2,59,4
2015-04-22,INTC,1,3,-1,49,1
2015-04-21,INTC,1,4,-2,61,2
2015-04-20,INTC,1,4,-2,37,2
2015-04-19,INTC,1,3,-2,14,1
2015-04-18,INTC,1,4,-3,18,1
2015-04-17,INTC,-1,2,-2,46,1
2015-04-16,INTC,1,3,-3,119,4
2015-04-15,INTC,1,4,-3,274,10
2015-04-14,INTC,-1,3,-3,198,10
2015-04-13,INTC,1,3,-2,127,10
2015-04-12,INTC,1,3,-2,26,7
2015-04-11,INTC,1,3,-3,30,6
2015-04-10,INTC,1,3,-2,118,8
2015-04-09,INTC,-1,2,-3,134,10
2015-04-08,INTC,1,3,-2,63,10
2015-04-07,INTC,2,4,-2,62,5
2015-04-06,INTC,1,3,-2,53,4
2015-04-05,INTC,2,4,1,8,1
2015-04-04,INTC,2,4,-2,13,1
2015-04-03,INTC,-1,2,-3,24,1
2015-04-02,INTC,-1,2,-2,59,3
2015-04-01,INTC,-1,3,-3,55,3
2015-03-31,INTC,1,3,-1,114,6
2015-03-30,INTC,1,3,-2,170,10
2015-03-29,INTC,1,3,-2,23,10
2015-03-28,INTC,1,4,-2,55,10
2015-03-27,INTC,1,3,-3,97,10
2015-03-26,INTC,1,3,-3,56,4
2015-03-25,INTC,1,3,-3,42,3
2015-03-24,INTC,1,3,-2,39,3
2015-03-23,INTC,1,3,-2,42,5
2015-03-22,INTC,1,3,-1,10,3
2015-03-21,INTC,2,3,-1,11,4
2015-03-20,INTC,2,4,-1,75,5
2015-03-19,INTC,2,3,-1,118,5
2015-03-18,INTC,1,3,-2,59,2
2015-03-17,INTC,1,3,-1,48,2
2015-03-16,INTC,2,4,-1,77,4
2015-03-15,INTC,-2,1,-3,10,2
2015-03-14,INTC,-2,1,-4,8,3
2015-03-13,INTC,-1,2,-3,132,6
2015-03-12,INTC,-1,3,-3,218,10
2015-03-11,INTC,1,4,-2,68,10
2015-03-10,INTC,1,4,-2,42,5
2015-03-09,INTC,1,3,-2,38,7
2015-03-08,INTC,-1,1,-1,13,4
2015-03-07,INTC,1,4,-2,9,3
2015-03-06,INTC,1,3,-3,39,4
2015-03-05,INTC,-1,3,-3,55,6
2015-03-04,INTC,1,3,-3,61,7
2015-03-03,INTC,1,4,-2,72,8
2015-03-02,INTC,1,3,-2,83,10
2015-03-01,INTC,2,3,-1,17,9
2015-02-28,INTC,1,3,-2,16,7
2015-02-27,INTC,1,3,-2,57,10
2015-02-26,INTC,-1,3,-3,53,9
2015-02-25,INTC,1,3,-2,56,10
2015-02-24,INTC,1,3,-2,41,8
2015-02-23,INTC,1,3,-2,34,10
2015-02-22,INTC,2,4,-1,8,6
2015-02-21,INTC,1,2,-2,13,5
2015-02-20,INTC,2,3,-1,32,5
2015-02-19,INTC,1,3,-3,46,8
2015-02-18,INTC,1,3,-3,50,9
2015-02-17,INTC,1,3,-2,35,6
2015-02-16,INTC,1,3,-2,20,9
2015-02-15,INTC,1,3,-2,11,8
2015-02-14,INTC,-1,1,-3,20,8
2015-02-13,INTC,1,3,-2,55,10
2015-02-12,INTC,1,3,-2,40,7
2015-02-11,INTC,1,3,-2,41,7
2015-02-10,INTC,1,3,-3,46,8
2015-02-09,INTC,1,3,-3,55,10
2015-02-08,INTC,1,3,-2,11,5
2015-02-07,INTC,1,2,-2,14,5
2015-02-06,INTC,1,3,-3,37,5
2015-02-05,INTC,1,3,-2,50,7
2015-02-04,INTC,1,3,-2,38,5
2015-02-03,INTC,1,3,-2,45,6
2015-02-02,INTC,1,3,-1,66,10
2015-02-01,INTC,-1,2,-3,8,6
2015-01-31,INTC,1,3,-3,12,6
2015-01-30,INTC,1,3,-2,35,7
2015-01-29,INTC,1,3,-3,39,6
2015-01-28,INTC,1,3,-2,41,3
2015-01-27,INTC,1,3,-3,50,4
2015-01-26,INTC,2,3,-1,31,5
2015-01-25,INTC,1,4,-2,13,4
2015-01-24,INTC,-1,3,-4,21,3
2015-01-23,INTC,2,4,-1,30,1
2015-01-22,INTC,2,3,-1,60,2
2015-01-21,INTC,1,3,-2,110,4
2015-01-20,INTC,1,3,-2,107,4
2015-01-19,INTC,1,3,-2,45,3
2015-01-18,INTC,1,3,-2,18,5
2015-01-17,INTC,1,3,-2,23,6
2015-01-16,INTC,-1,2,-3,221,10
2015-01-15,INTC,1,3,-2,190,10
2015-01-14,INTC,-1,2,-3,101,6
2015-01-13,INTC,1,3,-2,95,6
2015-01-12,INTC,-1,2,-3,93,9
2015-01-11,INTC,1,3,-2,22,4
2015-01-10,INTC,2,4,-1,24,3
2015-01-09,INTC,1,3,-2,59,4
2015-01-08,INTC,1,3,-2,61,4
2015-01-07,INTC,1,3,-2,146,10
2015-01-06,INTC,2,4,-1,102,10
2015-01-05,INTC,2,3,-1,93,10
2015-01-04,INTC,2,4,-1,16,10
2015-01-03,INTC,2,3,-1,23,10
2015-01-02,INTC,1,4,-2,35,8
2015-01-01,INTC,1,3,-2,28,7
2014-12-31,INTC,1,3,-2,37,9
2014-12-30,INTC,-1,2,-3,40,7
2014-12-29,INTC,1,4,-2,25,7
2014-12-28,INTC,1,3,-3,6,4
2014-12-27,INTC,-1,2,-3,11,3
2014-12-26,INTC,1,3,-2,21,3
2014-12-25,INTC,1,3,-2,14,2
2014-12-24,INTC,1,3,-2,23,4
2014-12-23,INTC,2,4,-2,56,10
2014-12-22,INTC,2,4,-1,44,10
2014-12-21,INTC,1,4,-3,4,5
2014-12-20,INTC,3,5,1,10,6
2014-12-19,INTC,1,3,-2,31,7
2014-12-18,INTC,1,3,-3,42,6
2014-12-17,INTC,1,4,-2,42,6
2014-12-16,INTC,1,3,-2,23,3
2014-12-15,INTC,2,4,-2,27,10
2014-12-14,INTC,2,4,-1,12,8
2014-12-13,INTC,2,4,-1,24,7
2014-12-12,INTC,1,4,-2,43,6
2014-12-11,INTC,1,3,-2,62,10
2014-12-10,INTC,3,4,1,10,5
2014-12-09,INTC,3,5,1,16,8
2014-12-08,INTC,2,3,1,5,5
2014-12-07,INTC,0,0,0,0,0
2014-12-06,INTC,2,3,-1,7,5
2014-12-05,INTC,2,3,-1,9,3
2014-12-04,INTC,1,3,-2,18,7
2014-12-03,INTC,2,4,-1,16,6
2014-12-02,INTC,1,3,-2,18,2
2014-12-01,INTC,-1,3,-3,24,5
2014-11-30,INTC,2,3,1,5,2
2014-11-29,INTC,3,4,2,8,1
2014-11-28,INTC,-1,3,-4,5,0
2014-11-27,INTC,-1,3,-3,8,0
2014-11-26,INTC,2,4,-1,23,2
2014-11-25,INTC,1,3,-2,62,6
2014-11-24,INTC,1,4,-2,66,10
2014-11-23,INTC,1,4,-2,16,4
2014-11-22,INTC,2,4,-2,29,2
2014-11-21,INTC,0,0,0,0,0
2014-11-20,INTC,2,4,-1,98,10
2014-11-19,INTC,1,3,-2,63,8
2014-11-18,INTC,1,3,-2,76,10
2014-11-17,INTC,2,5,-1,45,10
2014-11-16,INTC,1,2,-2,7,9
2014-11-15,INTC,2,4,-1,19,9
2014-11-14,INTC,2,4,-2,41,9
2014-11-13,INTC,2,4,-1,44,7
2014-11-12,INTC,1,3,-2,40,7
2014-11-11,INTC,2,4,-1,39,5
2014-11-10,INTC,1,3,-2,38,7
2014-11-09,INTC,3,5,-1,5,3
2014-11-08,INTC,1,4,-3,11,3
2014-11-07,INTC,2,4,-1,23,3
2014-11-06,INTC,2,4,-1,57,8
2014-11-05,INTC,2,4,-1,50,7
2014-11-04,INTC,2,4,-1,71,10
2014-11-03,INTC,1,4,-2,38,10
2014-11-02,INTC,1,2,-2,11,8
2014-11-01,INTC,1,3,-2,14,6
2014-10-31,INTC,2,4,-2,29,6
2014-10-30,INTC,1,3,-2,35,7
2014-10-29,INTC,1,3,-1,42,9
2014-10-28,INTC,1,4,-2,27,5
2014-10-27,INTC,2,4,-1,21,9
2014-10-26,INTC,3,4,1,13,6
2014-10-25,INTC,2,4,-1,10,5
2014-10-24,INTC,2,4,-2,27,3
2014-10-23,INTC,2,4,-1,46,5
2014-10-22,INTC,1,3,-1,27,1
2014-10-21,INTC,1,3,-1,38,1
2014-10-20,INTC,1,3,-2,44,3
2014-10-19,INTC,1,3,-2,18,2
2014-10-18,INTC,1,4,-3,17,2
2014-10-17,INTC,1,3,-2,83,3
2014-10-16,INTC,-1,3,-3,79,3
2014-10-15,INTC,1,3,-3,228,10
2014-10-14,INTC,-1,3,-3,90,10
2014-10-13,INTC,1,3,-3,55,10
2014-10-12,INTC,-1,2,-3,17,8
2014-10-11,INTC,-2,1,-4,23,7
2014-10-10,INTC,-1,2,-3,69,9
2014-10-09,INTC,1,3,-2,74,10
2014-10-08,INTC,1,3,-2,39,8
2014-10-07,INTC,2,4,-1,37,5
2014-10-06,INTC,1,3,-3,37,10
2014-10-05,INTC,1,3,-1,15,8
2014-10-04,INTC,1,3,-2,24,7
2014-10-03,INTC,1,3,-2,46,6
2014-10-02,INTC,1,3,-2,45,6
2014-10-01,INTC,1,3,-2,43,5
2014-09-30,INTC,1,4,-2,67,9
2014-09-29,INTC,1,3,-2,60,10
2014-09-28,INTC,-1,1,-2,4,5
2014-09-27,INTC,1,3,-2,11,6
2014-09-26,INTC,1,3,-2,72,10
2014-09-25,INTC,1,4,-2,39,8
2014-09-24,INTC,1,3,-2,43,8
2014-09-23,INTC,2,4,-2,45,9
2014-09-22,INTC,1,3,-1,29,7
2014-09-21,INTC,1,3,-2,6,4
2014-09-20,INTC,1,2,-2,9,4
2014-09-19,INTC,-1,2,-3,37,4
2014-09-18,INTC,1,3,-2,41,5
2014-09-17,INTC,1,3,-2,48,6
2014-09-16,INTC,0,0,0,0,0
2014-09-15,INTC,2,4,-1,60,9
2014-09-14,INTC,1,3,-2,17,5
2014-09-13,INTC,1,3,-2,12,5
2014-09-12,INTC,1,3,-3,79,7
2014-09-11,INTC,1,3,-2,77,7
2014-09-10,INTC,1,3,-2,68,6
2014-09-09,INTC,2,4,-1,84,7
2014-09-08,INTC,2,4,-1,96,10
2014-09-07,INTC,2,4,1,9,6
2014-09-06,INTC,1,3,-2,25,7
2014-09-05,INTC,2,3,-1,108,10
2014-09-04,INTC,2,4,-1,87,8
2014-09-03,INTC,1,3,-2,97,10
2014-09-02,INTC,1,3,-2,37,6
2014-09-01,INTC,1,3,-1,21,9
2014-08-31,INTC,1,4,-3,11,8
2014-08-30,INTC,1,3,-3,23,8
2014-08-29,INTC,2,4,-2,58,9
2014-08-28,INTC,2,4,-2,33,4
2014-08-27,INTC,1,3,-2,59,7
2014-08-26,INTC,2,4,-2,40,5
2014-08-25,INTC,2,4,-2,35,6
2014-08-24,INTC,2,3,2,4,3
2014-08-23,INTC,1,3,-2,11,4
2014-08-22,INTC,2,3,-1,37,5
2014-08-21,INTC,2,4,-1,74,10
2014-08-20,INTC,1,3,-2,49,8
2014-08-19,INTC,1,4,-2,31,5
2014-08-18,INTC,2,4,1,15,6
2014-08-17,INTC,2,4,1,11,6
2014-08-16,INTC,2,4,-1,18,6
2014-08-15,INTC,1,3,-2,46,6
2014-08-14,INTC,1,3,-2,61,9
2014-08-13,INTC,2,3,-1,47,7
2014-08-12,INTC,2,4,-2,55,8
2014-08-11,INTC,1,3,-2,67,10
2014-08-10,INTC,-1,3,-3,15,10
2014-08-09,INTC,-1,2,-3,32,10
2014-08-08,INTC,1,3,-3,37,7
2014-08-07,INTC,1,3,-2,36,7
2014-08-06,INTC,1,3,-2,48,9
2014-08-05,INTC,1,4,-2,34,6
2014-08-04,INTC,1,3,-2,28,9
2014-08-03,INTC,-4,-4,-4,1,5
2014-08-02,INTC,-1,3,-3,16,5
2014-08-01,INTC,-1,2,-3,24,4
2014-07-31,INTC,1,3,-2,31,6
2014-07-30,INTC,-1,3,-3,49,8
2014-07-29,INTC,1,3,-2,32,3
2014-07-28,INTC,1,3,-2,38,8
2014-07-27,INTC,-2,2,-4,20,5
2014-07-26,INTC,-1,2,-2,18,3
2014-07-25,INTC,2,4,-2,28,3
2014-07-24,INTC,1,3,-2,30,1
2014-07-23,INTC,1,3,-3,56,2
2014-07-22,INTC,2,4,-1,91,3
2014-07-21,INTC,2,4,-2,60,4
2014-07-20,INTC,2,4,-1,24,2
2014-07-19,INTC,-2,2,-4,14,2
2014-07-18,INTC,-1,2,-3,67,2
2014-07-17,INTC,1,4,-2,216,9
2014-07-16,INTC,2,4,-1,235,10
2014-07-15,INTC,2,4,-1,153,10
2014-07-14,INTC,1,3,-2,78,10
2014-07-13,INTC,1,3,-2,20,7
2014-07-12,INTC,1,4,-2,35,6
2014-07-11,INTC,1,3,-3,57,5
2014-07-10,INTC,1,3,-2,52,5
2014-07-09,INTC,2,4,-1,44,4
2014-07-08,INTC,1,4,-2,96,10
2014-07-07,INTC,1,4,-2,34,7
2014-07-06,INTC,1,3,-2,12,3
2014-07-05,INTC,2,4,-2,12,2
2014-07-04,INTC,-2,2,-4,15,2
2014-07-03,INTC,2,4,-1,32,4
2014-07-02,INTC,1,4,-2,75,10
2014-07-01,INTC,1,3,-1,34,4
2014-06-30,INTC,1,3,-2,55,10
2014-06-29,INTC,2,4,-1,11,7
2014-06-28,INTC,1,3,-2,20,7
2014-06-27,INTC,1,3,-2,73,10
2014-06-26,INTC,1,3,-2,56,8
2014-06-25,INTC,1,3,-2,47,6
2014-06-24,INTC,2,4,-1,68,10
2014-06-23,INTC,2,4,-1,68,10
2014-06-22,INTC,2,4,-1,9,5
2014-06-21,INTC,1,3,-2,17,5
2014-06-20,INTC,1,3,-2,58,2
2014-06-19,INTC,2,4,-1,57,2
2014-06-18,INTC,1,3,-2,67,2
2014-06-17,INTC,1,4,-2,49,2
2014-06-16,INTC,1,3,-3,89,6
2014-06-15,INTC,1,3,-1,19,6
2014-06-14,INTC,1,3,-2,45,6
2014-06-13,INTC,1,3,-3,240,10
2014-06-12,INTC,1,3,-2,150,10
2014-06-11,INTC,1,3,-2,55,6
2014-06-10,INTC,1,3,-3,70,5
2014-06-09,INTC,-1,3,-3,54,5
2014-06-08,INTC,1,2,-2,9,3
2014-06-07,INTC,3,5,-1,13,3
2014-06-06,INTC,1,3,-2,57,4
2014-06-05,INTC,1,3,-2,65,5
2014-06-04,INTC,1,3,-2,87,6
2014-06-03,INTC,1,3,-2,129,10
2014-06-02,INTC,1,3,-1,72,10
2014-06-01,INTC,2,3,1,24,9
2014-05-31,INTC,2,4,-1,23,7
2014-05-30,INTC,1,3,-2,53,7
2014-05-29,INTC,2,4,-2,71,10
2014-05-28,INTC,2,4,-1,56,8
2014-05-27,INTC,2,4,-1,68,8
2014-05-26,INTC,2,4,-1,12,6
2014-05-25,INTC,2,4,-1,17,6
2014-05-24,INTC,-1,2,-3,25,5
2014-05-23,INTC,1,3,-2,49,5
2014-05-22,INTC,1,3,-2,49,5
2014-05-21,INTC,1,3,-2,69,8
2014-05-20,INTC,1,3,-2,85,10
2014-05-19,INTC,2,4,-1,36,10
2014-05-18,INTC,3,5,1,27,10
2014-05-17,INTC,1,4,-2,15,7
2014-05-16,INTC,1,3,-2,30,6
2014-05-15,INTC,1,4,-2,32,6
2014-05-14,INTC,1,3,-2,38,5
2014-05-13,INTC,2,4,-1,38,4
2014-05-12,INTC,-1,2,-3,39,7
2014-05-11,INTC,1,2,-1,8,4
2014-05-10,INTC,2,4,-1,14,4
2014-05-09,INTC,1,3,-2,47,5
2014-05-08,INTC,1,3,-2,44,5
2014-05-07,INTC,1,3,-2,64,7
2014-05-06,INTC,2,4,-1,85,10
2014-05-05,INTC,2,4,-2,52,9
2014-05-04,INTC,1,3,-2,4,3
2014-05-03,INTC,3,5,-1,6,3
2014-05-02,INTC,1,3,-2,33,3
2014-05-01,INTC,2,4,-2,51,5
2014-04-30,INTC,2,4,-1,44,4
2014-04-29,INTC,2,4,-1,66,7
2014-04-28,INTC,-1,2,-3,50,8
2014-04-27,INTC,1,3,-3,6,5
2014-04-26,INTC,-1,2,-3,18,7
2014-04-25,INTC,-1,2,-3,91,10
2014-04-24,INTC,-1,2,-3,90,10
2014-04-23,INTC,2,4,-1,34,1
2014-04-22,INTC,1,3,-2,65,3
2014-04-21,INTC,1,3,-2,44,3
2014-04-20,INTC,-1,2,-3,10,1
2014-04-19,INTC,-2,1,-4,15,1
2014-04-18,INTC,-1,2,-2,48,2
2014-04-17,INTC,1,4,-2,84,3
2014-04-16,INTC,1,3,-2,211,10
2014-04-15,INTC,1,3,-2,180,10
2014-04-14,INTC,1,4,-2,61,10
2014-04-13,INTC,-1,2,-3,20,8
2014-04-12,INTC,-1,2,-3,29,7
2014-04-11,INTC,-1,2,-3,78,8
2014-04-10,INTC,1,4,-2,50,5
2014-04-09,INTC,-1,3,-3,90,10
2014-04-08,INTC,1,3,-2,81,10
2014-04-07,INTC,2,3,-1,78,10
2014-04-06,INTC,1,3,-3,15,5
2014-04-05,INTC,-1,2,-3,11,4
2014-04-04,INTC,2,4,-2,41,5
2014-04-03,INTC,1,3,-2,60,7
2014-04-02,INTC,2,4,-1,76,10
2014-04-01,INTC,2,4,-1,41,7
2014-03-31,INTC,1,3,-3,45,10
2014-03-30,INTC,2,4,-2,11,8
2014-03-29,INTC,1,3,-2,16,8
2014-03-28,INTC,1,4,-2,53,10
2014-03-27,INTC,2,4,-1,53,10
2014-03-26,INTC,2,4,-1,53,8
2014-03-25,INTC,1,3,-2,47,6
2014-03-24,INTC,1,3,-3,31,8
2014-03-23,INTC,1,3,-2,15,6
2014-03-22,INTC,2,4,-1,16,5
2014-03-21,INTC,2,4,-1,43,5
2014-03-20,INTC,2,4,-1,53,7
2014-03-19,INTC,1,3,-1,59,8
2014-03-18,INTC,2,4,-1,72,10
2014-03-17,INTC,1,3,-2,37,10
2014-03-16,INTC,1,3,-3,13,8
2014-03-15,INTC,-2,1,-3,18,8
2014-03-14,INTC,1,3,-2,54,9
2014-03-13,INTC,1,4,-2,46,8
2014-03-12,INTC,2,4,-2,50,9
2014-03-11,INTC,-1,2,-3,55,10
2014-03-10,INTC,1,3,-2,49,10
2014-03-09,INTC,2,4,-1,4,6
2014-03-08,INTC,1,3,-2,12,7
2014-03-07,INTC,1,3,-1,31,7
2014-03-06,INTC,1,4,-2,35,5
2014-03-05,INTC,2,4,-2,26,4
2014-03-04,INTC,2,3,-1,40,6
2014-03-03,INTC,2,3,-1,34,7
2014-03-02,INTC,1,2,-1,8,4
2014-03-01,INTC,1,3,-1,15,3
2014-02-28,INTC,1,3,-2,32,4
2014-02-27,INTC,1,3,-2,63,8
2014-02-26,INTC,1,3,-2,44,5
2014-02-25,INTC,2,4,-1,52,6
2014-02-24,INTC,2,4,-1,78,10
2014-02-23,INTC,2,4,1,53,10
2014-02-22,INTC,2,4,-1,10,4
2014-02-21,INTC,2,4,-1,26,5
2014-02-20,INTC,1,3,-2,41,8
2014-02-19,INTC,1,3,-1,41,8
2014-02-18,INTC,2,4,-1,48,8
2014-02-17,INTC,2,4,-1,23,6
2014-02-16,INTC,1,2,-2,6,4
2014-02-15,INTC,2,5,-4,7,2
2014-02-14,INTC,-3,1,-5,16,2
2014-02-13,INTC,-1,4,-4,20,4
2014-02-12,INTC,4,5,1,13,3
2014-02-11,INTC,2,5,-2,39,3
2014-02-10,INTC,1,5,-3,8,1
2014-02-09,INTC,5,5,5,4,1
2014-02-08,INTC,-1,5,-5,5,2
2014-02-07,INTC,2,5,-2,13,3
2014-02-06,INTC,1,4,-3,24,5
2014-02-05,INTC,2,5,-2,26,5
2014-02-04,INTC,-1,4,-4,46,4
2014-02-03,INTC,2,5,-3,21,1
2014-02-02,INTC,3,5,-1,2,1
2014-02-01,INTC,1,5,-4,5,2
2014-01-31,INTC,1,5,-3,19,3
2014-01-30,INTC,1,5,-4,16,4
2014-01-29,INTC,1,5,-4,25,6
2014-01-28,INTC,2,5,-3,30,5
2014-01-27,INTC,1,4,-4,46,3
2014-01-26,INTC,1,5,-4,8,2
2014-01-25,INTC,3,5,-2,5,4
2014-01-24,INTC,-1,4,-4,27,8
2014-01-23,INTC,1,4,-4,50,10
2014-01-22,INTC,2,5,-3,70,10
2014-01-21,INTC,1,5,-3,101,9
2014-01-20,INTC,-1,3,-5,32,6
2014-01-19,INTC,-3,1,-5,30,10
2014-01-18,INTC,-3,-1,-5,45,10
2014-01-17,INTC,-3,1,-5,165,10
2014-01-16,INTC,-1,4,-5,123,10
2014-01-15,INTC,1,4,-4,82,10
2014-01-14,INTC,1,4,-4,79,7
2014-01-13,INTC,-1,4,-4,39,3
2014-01-12,INTC,2,5,-2,10,4
2014-01-11,INTC,-1,4,-5,11,7
2014-01-10,INTC,1,4,-3,52,10
2014-01-09,INTC,1,5,-4,59,10
2014-01-08,INTC,2,5,-2,94,10
2014-01-07,INTC,2,5,-2,167,10
2014-01-06,INTC,2,5,-2,59,10
2014-01-05,INTC,2,5,-3,10,10
2014-01-04,INTC,3,5,-2,11,9
2014-01-03,INTC,2,5,-3,45,8
2014-01-02,INTC,2,5,-3,22,5
2014-01-01,INTC,1,5,-4,4,6
2013-12-31,INTC,3,5,-1,20,6
2013-12-30,INTC,3,5,-2,25,4
2013-12-29,INTC,2,5,-2,7,2
2013-12-28,INTC,3,5,1,5,3
2013-12-27,INTC,4,5,3,11,2
2013-12-26,INTC,3,5,-1,10,2
2013-12-25,INTC,0,0,0,0,0
2013-12-24,INTC,2,5,-2,8,5
2013-12-23,INTC,-1,4,-5,28,6
2013-12-22,INTC,2,5,-2,10,5
2013-12-21,INTC,2,5,-2,12,8
2013-12-20,INTC,1,5,-4,26,10
2013-12-19,INTC,1,5,-4,34,10
2013-12-18,INTC,1,5,-4,58,10
2013-12-17,INTC,2,5,-3,30,7
2013-12-16,INTC,2,5,-3,24,4
2013-12-15,INTC,2,5,-3,9,8
2013-12-14,INTC,-3,-1,-5,7,10
2013-12-13,INTC,-1,4,-4,56,10
2013-12-12,INTC,1,5,-3,55,10
2013-12-11,INTC,2,5,-2,26,10
2013-12-10,INTC,3,5,-1,34,9
2013-12-09,INTC,2,5,-3,36,5
2013-12-08,INTC,1,5,-4,5,10
2013-12-07,INTC,4,5,2,7,10
2013-12-06,INTC,2,5,-2,81,10
2013-12-05,INTC,-1,4,-4,27,10
2013-12-04,INTC,2,5,-3,29,9
2013-12-03,INTC,-2,3,-5,29,6
2013-12-02,INTC,2,5,-3,18,4
2013-12-01,INTC,-1,3,-4,6,4
2013-11-30,INTC,2,5,-2,11,5
2013-11-29,INTC,2,5,-2,21,8
2013-11-28,INTC,2,5,-3,12,10
2013-11-27,INTC,-1,4,-4,33,10
2013-11-26,INTC,1,4,-4,48,10
2013-11-25,INTC,1,4,-3,37,8
2013-11-24,INTC,-2,2,-5,10,10
2013-11-23,INTC,1,5,-3,20,10
2013-11-22,INTC,-1,4,-4,81,10
2013-11-21,INTC,3,5,-1,61,10
2013-11-20,INTC,2,5,-2,41,10
2013-11-19,INTC,3,5,-1,22,10
2013-11-18,INTC,3,5,-2,30,7
2013-11-17,INTC,2,5,-3,9,7
2013-11-16,INTC,2,5,-3,7,9
2013-11-15,INTC,2,5,-3,28,10
2013-11-14,INTC,1,5,-5,18,8
2013-11-13,INTC,-2,3,-5,22,9
2013-11-12,INTC,2,5,-2,45,7
2013-11-11,INTC,1,4,-4,28,4
2013-11-10,INTC,2,5,-4,2,3
2013-11-09,INTC,4,5,1,14,4
2013-11-08,INTC,2,5,-3,20,7
2013-11-07,INTC,1,5,-4,12,7
2013-11-06,INTC,2,5,-2,37,9
2013-11-05,INTC,2,5,-3,28,7
2013-11-04,INTC,1,4,-4,24,5
2013-11-03,INTC,3,5,-2,18,4
2013-11-02,INTC,1,5,-4,9,6
2013-11-01,INTC,1,5,-4,20,10
2013-10-31,INTC,1,4,-4,32,10
2013-10-30,INTC,1,4,-4,57,10
2013-10-29,INTC,1,4,-3,36,7
2013-10-28,INTC,1,4,-3,30,4
2013-10-27,INTC,1,4,-4,12,5
2013-10-26,INTC,-1,4,-5,6,6
2013-10-25,INTC,1,5,-4,31,10
2013-10-24,INTC,2,5,-3,29,10
2013-10-23,INTC,1,5,-3,58,10
2013-10-22,INTC,3,5,-1,51,7
2013-10-21,INTC,1,5,-3,16,5
2013-10-20,INTC,1,4,-4,10,6
2013-10-19,INTC,1,5,-4,28,9
2013-10-18,INTC,1,4,-4,25,10
2013-10-17,INTC,3,5,-2,36,10
2013-10-16,INTC,-1,3,-4,98,10
2013-10-15,INTC,-1,3,-5,98,10
2013-10-14,INTC,1,5,-4,42,10
2013-10-13,INTC,-1,5,-5,7,9
2013-10-12,INTC,2,5,-2,5,7
2013-10-11,INTC,1,4,-4,39,10
2013-10-10,INTC,2,5,-2,47,10
2013-10-09,INTC,1,4,-4,47,10
2013-10-08,INTC,1,5,-3,46,9
2013-10-07,INTC,2,5,-2,53,6
2013-10-06,INTC,-1,4,-5,7,3
2013-10-05,INTC,2,5,-2,15,6
2013-10-04,INTC,3,5,-2,20,8
2013-10-03,INTC,3,5,-2,39,9
2013-10-02,INTC,1,5,-3,39,9
2013-10-01,INTC,2,5,-3,35,6
2013-09-30,INTC,1,4,-4,34,4
2013-09-29,INTC,1,4,-3,8,4
2013-09-28,INTC,-2,2,-5,11,6
2013-09-27,INTC,-1,4,-4,31,7
2013-09-26,INTC,1,5,-4,32,9
2013-09-25,INTC,3,5,-1,27,8
2013-09-24,INTC,3,5,-1,45,6
2013-09-23,INTC,1,4,-4,29,3
2013-09-22,INTC,3,5,-2,3,3
2013-09-21,INTC,1,5,-3,10,6
2013-09-20,INTC,-1,4,-4,28,7
2013-09-19,INTC,1,5,-4,31,9
2013-09-18,INTC,2,5,-2,31,8
2013-09-17,INTC,3,5,1,43,6
2013-09-16,INTC,2,5,-2,26,5
2013-09-15,INTC,3,5,-2,10,10
2013-09-14,INTC,-2,4,-5,23,10
2013-09-13,INTC,3,5,-1,114,10
2013-09-12,INTC,2,5,-2,67,10
2013-09-11,INTC,2,5,-2,71,10
2013-09-10,INTC,2,5,-2,64,10
2013-09-09,INTC,2,5,-3,39,10
2013-09-08,INTC,-2,4,-5,11,7
2013-09-07,INTC,2,5,-3,15,10
2013-09-06,INTC,2,5,-3,17,10
2013-09-05,INTC,2,5,-2,31,10
2013-09-04,INTC,2,5,-2,59,10
2013-09-03,INTC,1,5,-4,22,8
2013-09-02,INTC,1,4,-4,20,5
2013-09-01,INTC,1,5,-3,5,6
2013-08-31,INTC,-1,5,-5,6,9
2013-08-30,INTC,2,5,-2,24,10
2013-08-29,INTC,1,5,-4,21,10
2013-08-28,INTC,-1,3,-4,26,10
2013-08-27,INTC,2,5,-2,31,10
2013-08-26,INTC,1,4,-3,33,7
2013-08-25,INTC,2,5,-3,5,3
2013-08-24,INTC,2,4,-1,4,7
2013-08-23,INTC,1,5,-4,11,10
2013-08-22,INTC,1,4,-4,28,10
2013-08-21,INTC,1,5,-4,43,10
2013-08-20,INTC,1,5,-4,32,10
2013-08-19,INTC,2,5,-2,55,10
2013-08-18,INTC,1,4,-4,10,9
2013-08-17,INTC,-2,4,-5,6,10
2013-08-16,INTC,-2,3,-5,21,5
2013-08-15,INTC,-2,3,-5,38,5
2013-08-14,INTC,2,5,-2,26,4
2013-08-13,INTC,-1,4,-5,17,2
2013-08-12,INTC,2,5,-3,16,2
2013-08-11,INTC,2,5,-3,7,2
2013-08-10,INTC,-1,4,-5,9,4
2013-08-09,INTC,1,5,-4,19,6
2013-08-08,INTC,1,5,-4,40,6
2013-08-07,INTC,1,5,-3,31,5
2013-08-06,INTC,2,5,-3,25,4
2013-08-05,INTC,1,5,-4,28,3
2013-08-04,INTC,-2,3,-5,18,3
2013-08-03,INTC,-1,3,-5,8,2
2013-08-02,INTC,-1,3,-5,19,4
2013-08-01,INTC,3,5,-2,14,4
2013-07-31,INTC,2,5,-2,28,5
2013-07-30,INTC,1,5,-4,28,3
2013-07-29,INTC,1,4,-3,17,2
2013-07-28,INTC,-1,4,-4,7,1
2013-07-27,INTC,2,3,-1,8,3
2013-07-26,INTC,-1,4,-5,11,4
2013-07-25,INTC,-1,4,-4,26,5
2013-07-24,INTC,1,4,-3,32,6
2013-07-23,INTC,1,5,-3,28,4
2013-07-22,INTC,2,5,-3,35,3
2013-07-21,INTC,-2,3,-5,5,3
2013-07-20,INTC,1,5,-3,14,10
2013-07-19,INTC,-1,4,-4,38,10
2013-07-18,INTC,-2,3,-5,145,10
2013-07-17,INTC,-2,3,-5,122,10
2013-07-16,INTC,1,5,-3,39,10
2013-07-15,INTC,2,5,-3,38,8
2013-07-14,INTC,1,5,-4,7,5
2013-07-13,INTC,2,5,-1,6,7
2013-07-12,INTC,2,5,-2,18,9
2013-07-11,INTC,3,5,-1,17,10
2013-07-10,INTC,2,5,-3,19,10
2013-07-09,INTC,-1,4,-4,36,10
2013-07-08,INTC,-1,3,-5,57,10
2013-07-07,INTC,2,5,-1,5,6
2013-07-06,INTC,1,4,-4,10,6
2013-07-05,INTC,1,5,-4,18,8
2013-07-04,INTC,1,5,-5,6,7
2013-07-03,INTC,2,5,-2,17,6
2013-07-02,INTC,3,5,-1,24,4
2013-07-01,INTC,2,5,-3,20,4
2013-06-30,INTC,-2,3,-5,9,5
2013-06-29,INTC,-1,3,-5,24,6
2013-06-28,INTC,1,5,-3,36,7
2013-06-27,INTC,2,5,-3,17,6
2013-06-26,INTC,3,5,-1,30,8
2013-06-25,INTC,2,5,-2,35,6
2013-06-24,INTC,1,5,-4,31,4
2013-06-23,INTC,3,5,-2,8,3
2013-06-22,INTC,3,5,-1,11,5
2013-06-21,INTC,2,5,-3,22,7
2013-06-20,INTC,-2,2,-5,36,9
2013-06-19,INTC,2,5,-1,32,10
2013-06-18,INTC,3,5,-2,46,8
2013-06-17,INTC,2,5,-2,50,5
2013-06-16,INTC,2,5,-3,7,2
2013-06-15,INTC,1,5,-3,7,4
2013-06-14,INTC,1,5,-3,21,6
2013-06-13,INTC,2,5,-2,22,9
2013-06-12,INTC,3,5,-2,38,10
2013-06-11,INTC,1,5,-4,49,9
2013-06-10,INTC,3,5,-2,49,5
2013-06-09,INTC,-1,4,-4,9,5
2013-06-08,INTC,3,5,-2,12,7
2013-06-07,INTC,1,5,-4,42,10
2013-06-06,INTC,2,5,-3,36,10
2013-06-05,INTC,1,5,-3,64,10
2013-06-04,INTC,1,5,-3,95,10
2013-06-03,INTC,2,5,-3,118,10
2013-06-02,INTC,4,5,1,12,10
2013-06-01,INTC,3,5,-1,19,10
2013-05-31,INTC,-1,3,-4,50,8
2013-05-30,INTC,2,5,-2,24,7
2013-05-29,INTC,2,5,-3,37,6
2013-05-28,INTC,1,4,-4,37,4
2013-05-27,INTC,2,5,-3,11,2
2013-05-26,INTC,1,5,-3,14,3
2013-05-25,INTC,2,5,-3,5,6
2013-05-24,INTC,1,4,-4,28,9
2013-05-23,INTC,1,5,-4,49,10
2013-05-22,INTC,-1,4,-4,42,10
2013-05-21,INTC,3,5,-2,56,7
2013-05-20,INTC,2,5,-2,37,4
2013-05-19,INTC,2,5,-2,6,3
2013-05-18,INTC,2,5,-2,10,5
2013-05-17,INTC,3,5,-1,31,6
2013-05-16,INTC,2,5,-2,29,5
2013-05-15,INTC,2,5,-2,22,4
2013-05-14,INTC,2,5,-2,22,3
2013-05-13,INTC,-1,2,-4,17,2
2013-05-12,INTC,1,3,-3,2,3
2013-05-11,INTC,-1,4,-5,13,5
2013-05-10,INTC,3,5,-1,27,6
2013-05-09,INTC,1,4,-4,29,7
2013-05-08,INTC,-1,4,-5,28,9
2013-05-07,INTC,1,4,-4,44,8
2013-05-06,INTC,2,5,-2,57,5
2013-05-05,INTC,1,4,-4,6,4
2013-05-04,INTC,1,5,-4,7,10
2013-05-03,INTC,1,4,-4,41,10
2013-05-02,INTC,-1,4,-4,132,10
2013-05-01,INTC,2,5,-3,23,6
2013-04-30,INTC,3,5,-2,32,5
2013-04-29,INTC,1,5,-4,17,2
2013-04-28,INTC,1,4,-4,9,2
2013-04-27,INTC,2,5,-3,5,5
2013-04-26,INTC,-1,4,-5,17,6
2013-04-25,INTC,2,5,-3,31,8
2013-04-24,INTC,1,5,-3,23,7
2013-04-23,INTC,2,5,-3,30,5
2013-04-22,INTC,1,5,-4,21,2
2013-04-21,INTC,1,5,-4,4,1
2013-04-20,INTC,3,3,3,1,5
2013-04-19,INTC,2,5,-2,14,10
2013-04-18,INTC,-2,3,-5,39,10
2013-04-17,INTC,-3,1,-5,104,10
2013-04-16,INTC,-2,3,-5,66,10
2013-04-15,INTC,-1,4,-4,27,10
2013-04-14,INTC,1,3,-2,7,7
2013-04-13,INTC,3,5,1,5,10
2013-04-12,INTC,1,5,-5,14,10
2013-04-11,INTC,-3,2,-5,33,10
2013-04-10,INTC,3,5,-1,32,10
2013-04-09,INTC,3,5,1,26,10
2013-04-08,INTC,2,5,-2,20,10
2013-04-07,INTC,5,5,4,5,10
2013-04-06,INTC,-5,-5,-5,2,10
2013-04-05,INTC,2,5,-2,20,10
2013-04-04,INTC,-1,4,-4,11,10
2013-04-03,INTC,-1,4,-5,13,10
2013-04-02,INTC,1,4,-4,21,10
2013-04-01,INTC,-3,2,-5,21,10
2013-03-31,INTC,4,5,3,5,6
2013-03-30,INTC,3,5,1,3,10
2013-03-29,INTC,4,5,1,8,10
2013-03-28,INTC,3,5,-1,14,10
2013-03-27,INTC,1,5,-4,16,10
2013-03-26,INTC,2,5,-2,16,8
2013-03-25,INTC,3,5,1,13,5
2013-03-24,INTC,-1,5,-5,2,3
2013-03-23,INTC,1,4,-3,3,9
2013-03-22,INTC,-1,4,-5,8,10
2013-03-21,INTC,-2,3,-5,23,10
2013-03-20,INTC,2,5,-2,11,10
2013-03-19,INTC,2,5,-2,22,8
2013-03-18,INTC,1,4,-3,6,3
2013-03-17,INTC,1,5,-5,3,4
2013-03-16,INTC,5,5,4,3,7
2013-03-15,INTC,-1,5,-5,9,10
2013-03-14,INTC,1,5,-4,14,10
2013-03-13,INTC,2,5,-3,16,10
2013-03-12,INTC,-1,3,-5,16,10
2013-03-11,INTC,1,5,-4,22,6
2013-03-10,INTC,-1,-1,-1,1,3
2013-03-09,INTC,5,5,5,1,9
2013-03-08,INTC,3,5,-2,12,10
2013-03-07,INTC,1,5,-3,21,10
2013-03-06,INTC,1,5,-4,13,10
2013-03-05,INTC,4,5,1,14,7
2013-03-04,INTC,2,5,-4,11,3
2013-03-03,INTC,-3,-3,-3,2,1
2013-03-02,INTC,0,0,0,0,0
2013-03-01,INTC,3,3,3,2,10
2013-02-28,INTC,5,5,3,16,10
2013-02-27,INTC,2,5,-2,25,10
2013-02-26,INTC,2,5,-2,36,10
2013-02-25,INTC,2,5,-2,26,10
2013-02-24,INTC,3,5,-2,2,7
2013-02-23,INTC,3,5,-2,5,10
2013-02-22,INTC,2,5,-3,15,10
2013-02-21,INTC,1,5,-4,28,10
2013-02-20,INTC,3,5,-1,14,10
2013-02-19,INTC,2,5,-2,21,10
2013-02-18,INTC,1,5,-3,19,6
2013-02-17,INTC,-3,-1,-5,3,1
2013-02-16,INTC,0,0,0,0,0
2013-02-15,INTC,3,5,-1,15,3
2013-02-14,INTC,1,4,-4,14,3
2013-02-13,INTC,1,5,-4,12,3
2013-02-12,INTC,0,0,0,0,0
2013-02-11,INTC,1,4,-4,14,1
2013-02-10,INTC,-3,-1,-5,3,1
2013-02-09,INTC,0,0,0,0,0
2013-02-08,INTC,3,5,-1,15,3
2013-02-07,INTC,1,4,-4,14,3
2013-02-06,INTC,1,5,-4,12,3
2013-02-05,INTC,3,5,-1,10,2
2013-02-04,INTC,1,5,-4,12,1
2013-02-03,INTC,1,5,-5,2,1
2013-02-02,INTC,0,0,0,0,0
2013-02-01,INTC,-3,2,-5,14,4
2013-01-31,INTC,1,4,-4,25,4
2013-01-30,INTC,1,4,-3,10,2
2013-01-29,INTC,4,5,2,12,1
2013-01-28,INTC,1,5,-3,7,1
2013-01-27,INTC,3,4,2,2,1
2013-01-26,INTC,4,5,2,5,2
2013-01-25,INTC,3,5,-2,9,4
2013-01-24,INTC,-1,4,-4,13,5
2013-01-23,INTC,-1,4,-4,28,5
2013-01-22,INTC,-1,4,-4,24,3
2013-01-21,INTC,1,5,-4,12,2
2013-01-20,INTC,1,5,-4,3,10
2013-01-19,INTC,-3,2,-5,8,10
2013-01-18,INTC,-1,3,-5,111,10
2013-01-17,INTC,1,4,-4,75,10
2013-01-16,INTC,-1,3,-5,19,10
2013-01-15,INTC,-1,4,-5,17,8
2013-01-14,INTC,-1,4,-5,13,4
2013-01-13,INTC,2,5,-2,3,3
2013-01-12,INTC,4,5,3,3,8
2013-01-11,INTC,1,4,-4,7,10
2013-01-10,INTC,2,5,-3,23,10
2013-01-09,INTC,3,5,-1,19,10
2013-01-08,INTC,2,5,-2,29,10
2013-01-07,INTC,-1,4,-5,39,10
2013-01-06,INTC,5,5,5,1,4
2013-01-05,INTC,-5,-5,-5,1,10
2013-01-04,INTC,-3,1,-5,7,10
2013-01-03,INTC,1,5,-4,13,10
2013-01-02,INTC,-1,4,-4,19,10
2013-01-01,INTC,0,0,0,0,0
