date,symbol,sentiment,sentiment high,sentiment low,news volume,news buzz
2017-11-28,MRK,0,0,0,0,0
2017-11-27,MRK,0,0,0,0,0
2017-11-26,MRK,0,0,0,0,0
2017-11-25,MRK,1,1,1,1,0
2017-11-24,MRK,-4,-4,-4,1,0
2017-11-23,MRK,0,0,0,0,0
2017-11-22,MRK,1,3,-2,8,1
2017-11-21,MRK,2,4,-2,53,7
2017-11-20,MRK,2,4,-1,79,10
2017-11-19,MRK,0,0,0,0,0
2017-11-18,MRK,0,0,0,0,0
2017-11-17,MRK,0,0,0,0,0
2017-11-16,MRK,1,3,-3,19,10
2017-11-15,MRK,-1,2,-4,12,7
2017-11-14,MRK,1,3,-2,23,10
2017-11-13,MRK,-1,3,-3,20,10
2017-11-12,MRK,-1,2,-2,8,10
2017-11-11,MRK,-1,1,-3,15,10
2017-11-10,MRK,-1,2,-3,5,3
2017-11-09,MRK,-2,-1,-3,13,10
2017-11-08,MRK,2,4,1,7,6
2017-11-07,MRK,-2,-2,-2,1,0
2017-11-06,MRK,1,3,-3,3,3
2017-11-05,MRK,2,5,-3,2,3
2017-11-04,MRK,0,0,0,0,0
2017-11-03,MRK,2,4,-2,11,1
2017-11-02,MRK,-1,2,-3,12,1
2017-11-01,MRK,1,4,-3,14,2
2017-10-31,MRK,-2,2,-4,19,3
2017-10-30,MRK,2,5,-3,27,9
2017-10-29,MRK,3,5,-1,5,9
2017-10-28,MRK,0,0,0,0,0
2017-10-27,MRK,3,5,-1,74,10
2017-10-26,MRK,1,2,-2,23,10
2017-10-25,MRK,1,3,-2,27,10
2017-10-24,MRK,1,3,-2,17,9
2017-10-23,MRK,1,3,-2,21,10
2017-10-22,MRK,-1,2,-3,15,10
2017-10-21,MRK,1,3,-3,25,10
2017-10-20,MRK,-2,1,-4,17,9
2017-10-19,MRK,-1,1,-3,20,10
2017-10-18,MRK,1,4,-2,24,10
2017-10-17,MRK,-2,1,-4,7,4
2017-10-16,MRK,-1,3,-3,22,10
2017-10-15,MRK,-1,2,-3,5,8
2017-10-14,MRK,1,3,-3,9,9
2017-10-13,MRK,1,3,-2,12,8
2017-10-12,MRK,-1,1,-3,14,9
2017-10-11,MRK,2,4,-1,15,10
2017-10-10,MRK,1,2,-2,4,10
2017-10-09,MRK,0,0,0,0,0
2017-10-08,MRK,0,0,0,0,0
2017-10-07,MRK,0,0,0,0,0
2017-10-06,MRK,0,0,0,0,0
2017-10-05,MRK,0,0,0,0,0
2017-10-04,MRK,0,0,0,0,0
2017-10-03,MRK,0,0,0,0,0
2017-10-02,MRK,0,0,0,0,0
2017-10-01,MRK,0,0,0,0,0
2017-09-30,MRK,0,0,0,0,0
2017-09-29,MRK,0,0,0,0,0
2017-09-28,MRK,0,0,0,0,0
2017-09-27,MRK,0,0,0,0,0
2017-09-26,MRK,1,3,-3,31,10
2017-09-25,MRK,3,5,1,31,10
2017-09-24,MRK,0,0,0,0,0
2017-09-23,MRK,1,1,1,1,2
2017-09-22,MRK,3,4,2,4,3
2017-09-21,MRK,0,0,0,0,0
2017-09-20,MRK,0,0,0,0,0
2017-09-19,MRK,0,0,0,0,0
2017-09-18,MRK,0,0,0,0,0
2017-09-17,MRK,0,0,0,0,0
2017-09-16,MRK,0,0,0,0,0
2017-09-15,MRK,0,0,0,0,0
2017-09-14,MRK,0,0,0,0,0
2017-09-13,MRK,0,0,0,0,0
2017-09-12,MRK,0,0,0,0,0
2017-09-11,MRK,1,1,1,1,10
2017-09-10,MRK,0,0,0,0,0
2017-09-09,MRK,0,0,0,0,0
2017-09-08,MRK,0,0,0,0,0
2017-09-07,MRK,0,0,0,0,0
2017-09-06,MRK,0,0,0,0,0
2017-09-05,MRK,0,0,0,0,0
2017-09-04,MRK,-4,-2,-5,3,0
2017-09-03,MRK,-3,-3,-3,1,0
2017-09-02,MRK,2,2,2,1,0
2017-09-01,MRK,4,5,1,2,0
2017-08-31,MRK,5,5,5,1,0
2017-08-30,MRK,-5,-5,-5,1,0
2017-08-29,MRK,-4,-2,-5,13,1
2017-08-28,MRK,-2,3,-5,4,0
2017-08-27,MRK,-1,4,-5,2,0
2017-08-26,MRK,0,0,0,0,0
2017-08-25,MRK,3,4,3,3,0
2017-08-24,MRK,1,5,-5,2,0
2017-08-23,MRK,-1,3,-4,8,0
2017-08-22,MRK,1,5,-5,2,0
2017-08-21,MRK,-1,4,-4,4,1
2017-08-20,MRK,-4,-3,-5,3,1
2017-08-19,MRK,4,5,1,2,1
2017-08-18,MRK,-3,1,-5,23,2
2017-08-17,MRK,-2,3,-5,13,1
2017-08-16,MRK,-3,1,-5,38,4
2017-08-15,MRK,-4,-2,-5,114,10
2017-08-14,MRK,-4,-2,-5,80,10
2017-08-13,MRK,2,5,-4,2,1
2017-08-12,MRK,0,0,0,0,0
2017-08-11,MRK,-5,-5,-5,2,0
2017-08-10,MRK,-4,-3,-5,2,0
2017-08-09,MRK,-2,1,-4,6,2
2017-08-08,MRK,-4,-3,-5,4,1
2017-08-07,MRK,1,5,-5,2,1
2017-08-06,MRK,-2,2,-5,2,1
2017-08-05,MRK,0,0,0,0,0
2017-08-04,MRK,-1,2,-4,6,0
2017-08-03,MRK,-1,3,-5,15,2
2017-08-02,MRK,-2,2,-5,12,1
2017-08-01,MRK,0,0,0,0,0
2017-07-31,MRK,1,5,-3,8,2
2017-07-30,MRK,4,4,4,2,1
2017-07-29,MRK,-1,5,-5,4,1
2017-07-28,MRK,-2,2,-5,20,2
2017-07-27,MRK,-1,4,-5,27,3
2017-07-26,MRK,-1,3,-5,10,1
2017-07-25,MRK,3,4,2,5,0
2017-07-24,MRK,-1,4,-5,15,2
2017-07-23,MRK,0,0,0,0,0
2017-07-22,MRK,-2,2,-5,4,1
2017-07-21,MRK,-1,4,-5,28,4
2017-07-20,MRK,1,4,-3,2,0
2017-07-19,MRK,0,0,0,0,0
2017-07-18,MRK,-2,3,-5,3,0
2017-07-17,MRK,-2,4,-5,3,1
2017-07-16,MRK,0,0,0,0,0
2017-07-15,MRK,3,5,-1,5,1
2017-07-14,MRK,-1,3,-5,4,0
2017-07-13,MRK,-2,3,-5,2,0
2017-07-12,MRK,-3,-1,-5,5,0
2017-07-11,MRK,-2,2,-5,7,1
2017-07-10,MRK,-1,5,-5,3,0
2017-07-09,MRK,1,5,-5,3,0
2017-07-08,MRK,0,0,0,0,0
2017-07-07,MRK,-3,2,-5,23,3
2017-07-06,MRK,-4,-2,-5,52,10
2017-07-05,MRK,-2,-1,-4,9,1
2017-07-04,MRK,-2,4,-5,3,0
2017-07-03,MRK,2,5,-2,14,7
2017-07-02,MRK,3,5,1,17,4
2017-07-01,MRK,-3,1,-5,5,1
2017-06-30,MRK,-2,3,-5,8,1
2017-06-29,MRK,-4,-2,-5,12,2
2017-06-28,MRK,-4,-1,-5,50,10
2017-06-27,MRK,-4,-1,-5,32,10
2017-06-26,MRK,-5,-5,-5,1,5
2017-06-25,MRK,1,2,-2,4,6
2017-06-24,MRK,-1,4,-5,5,5
2017-06-23,MRK,2,5,-2,12,7
2017-06-22,MRK,-1,3,-5,11,7
2017-06-21,MRK,-2,2,-5,10,7
2017-06-20,MRK,1,5,-4,9,9
2017-06-19,MRK,3,5,-1,4,6
2017-06-18,MRK,0,0,0,0,0
2017-06-17,MRK,-3,-3,-3,2,2
2017-06-16,MRK,0,0,0,0,0
2017-06-15,MRK,1,4,-3,3,0
2017-06-14,MRK,-2,2,-5,3,0
2017-06-13,MRK,-3,1,-5,13,4
2017-06-12,MRK,1,5,-5,7,4
2017-06-11,MRK,0,0,0,0,0
2017-06-10,MRK,2,3,-1,6,2
2017-06-09,MRK,-2,-1,-4,3,0
2017-06-08,MRK,-5,-5,-5,2,0
2017-06-07,MRK,-3,-1,-4,5,1
2017-06-06,MRK,1,5,-3,12,3
2017-06-05,MRK,3,5,1,6,4
2017-06-04,MRK,-3,1,-5,3,3
2017-06-03,MRK,2,5,-2,6,3
2017-06-02,MRK,-2,2,-5,8,2
2017-06-01,MRK,-3,-3,-3,2,0
2017-05-31,MRK,-1,4,-5,7,1
2017-05-30,MRK,-3,1,-5,7,1
2017-05-29,MRK,-1,5,-5,4,1
2017-05-28,MRK,-5,-5,-5,1,1
2017-05-27,MRK,-2,3,-5,5,1
2017-05-26,MRK,-1,5,-5,4,0
2017-05-25,MRK,3,5,1,6,1
2017-05-24,MRK,3,5,-1,10,1
2017-05-23,MRK,-2,3,-5,7,1
2017-05-22,MRK,2,5,-2,6,1
2017-05-21,MRK,3,3,3,1,1
2017-05-20,MRK,2,5,-3,3,1
2017-05-19,MRK,1,5,-4,9,1
2017-05-18,MRK,-1,3,-4,27,5
2017-05-17,MRK,2,5,-2,7,1
2017-05-16,MRK,2,5,-2,7,1
2017-05-15,MRK,-4,-1,-5,10,4
2017-05-14,MRK,0,0,0,0,0
2017-05-13,MRK,-3,1,-5,15,3
2017-05-12,MRK,-1,4,-4,6,1
2017-05-11,MRK,-1,4,-5,14,2
2017-05-10,MRK,1,5,-5,4,0
2017-05-09,MRK,3,5,1,4,0
2017-05-08,MRK,-1,4,-5,4,1
2017-05-07,MRK,1,1,-1,2,0
2017-05-06,MRK,5,5,5,1,0
2017-05-05,MRK,-2,3,-5,6,1
2017-05-04,MRK,4,5,2,27,5
2017-05-03,MRK,-1,4,-5,14,2
2017-05-02,MRK,3,5,-1,53,10
2017-05-01,MRK,3,5,-1,6,10
2017-04-30,MRK,3,5,-1,14,8
2017-04-29,MRK,5,5,5,1,0
2017-04-28,MRK,0,0,0,0,0
2017-04-27,MRK,-5,-5,-5,2,1
2017-04-26,MRK,-2,-2,-2,3,1
2017-04-25,MRK,1,5,-4,12,6
2017-04-24,MRK,1,3,-3,12,10
2017-04-23,MRK,-3,1,-5,5,8
2017-04-22,MRK,1,4,-4,13,9
2017-04-21,MRK,-2,3,-5,8,4
2017-04-20,MRK,4,5,1,10,5
2017-04-19,MRK,-2,2,-5,14,7
2017-04-18,MRK,-4,-2,-5,5,2
2017-04-17,MRK,-4,-1,-5,7,6
2017-04-16,MRK,0,0,0,0,0
2017-04-15,MRK,2,5,-3,9,5
2017-04-14,MRK,1,2,-1,6,3
2017-04-13,MRK,-1,3,-4,3,1
2017-04-12,MRK,-2,2,-4,5,2
2017-04-11,MRK,4,4,4,5,2
2017-04-10,MRK,-4,-1,-5,7,6
2017-04-09,MRK,-2,-2,-2,1,3
2017-04-08,MRK,-3,-2,-4,2,3
2017-04-07,MRK,-2,2,-5,14,7
2017-04-06,MRK,0,0,0,0,0
2017-04-05,MRK,2,2,2,1,0
2017-04-04,MRK,-2,3,-5,5,1
2017-04-03,MRK,-1,2,-4,4,4
2017-04-02,MRK,3,5,1,6,4
2017-04-01,MRK,3,3,3,1,1
2017-03-31,MRK,2,5,-4,8,2
2017-03-30,MRK,3,5,-1,3,1
2017-03-29,MRK,3,5,1,12,4
2017-03-28,MRK,-5,-5,-5,3,1
2017-03-27,MRK,1,5,-4,10,4
2017-03-26,MRK,-1,1,-2,2,0
2017-03-25,MRK,0,0,0,0,0
2017-03-24,MRK,1,5,-4,21,7
2017-03-23,MRK,-3,1,-5,5,1
2017-03-22,MRK,5,5,5,5,1
2017-03-21,MRK,2,5,-4,6,2
2017-03-20,MRK,2,5,-2,5,2
2017-03-19,MRK,-2,-2,-2,2,2
2017-03-18,MRK,-1,-1,-2,2,1
2017-03-17,MRK,-1,2,-4,5,2
2017-03-16,MRK,-5,-5,-5,1,0
2017-03-15,MRK,2,5,-2,10,2
2017-03-14,MRK,-1,5,-5,3,0
2017-03-13,MRK,-4,-2,-5,8,2
2017-03-12,MRK,-2,-2,-2,1,0
2017-03-11,MRK,1,3,-3,2,1
2017-03-10,MRK,1,4,-4,7,1
2017-03-09,MRK,2,5,-3,20,5
2017-03-08,MRK,-1,3,-4,16,4
2017-03-07,MRK,-4,-2,-5,23,6
2017-03-06,MRK,-1,5,-5,6,2
2017-03-05,MRK,2,5,-4,2,1
2017-03-04,MRK,1,5,-5,2,1
2017-03-03,MRK,-2,3,-5,5,0
2017-03-02,MRK,2,5,-2,23,2
2017-03-01,MRK,-2,1,-5,3,0
2017-02-28,MRK,-2,3,-5,7,0
2017-02-27,MRK,0,0,0,0,0
2017-02-26,MRK,0,0,0,0,0
2017-02-25,MRK,0,0,0,0,0
2017-02-24,MRK,4,4,4,1,0
2017-02-23,MRK,4,4,4,1,0
2017-02-22,MRK,-1,-1,-1,1,0
2017-02-21,MRK,-1,3,-3,8,0
2017-02-20,MRK,-2,2,-5,3,0
2017-02-19,MRK,0,0,0,0,0
2017-02-18,MRK,1,5,-5,2,0
2017-02-17,MRK,-4,-2,-5,8,0
2017-02-16,MRK,-2,3,-5,15,1
2017-02-15,MRK,-3,2,-5,40,4
2017-02-14,MRK,5,5,5,1,0
2017-02-13,MRK,-1,-1,-1,1,1
2017-02-12,MRK,1,3,-3,7,1
2017-02-11,MRK,-2,2,-5,4,1
2017-02-10,MRK,-2,3,-5,15,1
2017-02-09,MRK,1,5,-5,18,1
2017-02-08,MRK,-1,2,-3,25,2
2017-02-07,MRK,1,4,-4,12,1
2017-02-06,MRK,5,5,5,1,1
2017-02-05,MRK,2,4,-2,4,2
2017-02-04,MRK,1,3,-3,17,3
2017-02-03,MRK,-3,1,-5,31,3
2017-02-02,MRK,1,4,-4,87,10
2017-02-01,MRK,1,5,-3,11,1
2017-01-31,MRK,1,5,-5,2,0
2017-01-30,MRK,1,4,-4,12,3
2017-01-29,MRK,2,5,-2,8,2
2017-01-28,MRK,-2,3,-5,8,1
2017-01-27,MRK,2,5,-3,12,1
2017-01-26,MRK,1,4,-4,15,1
2017-01-25,MRK,1,5,-5,5,0
2017-01-24,MRK,-2,2,-5,6,0
2017-01-23,MRK,1,4,-4,4,3
2017-01-22,MRK,2,3,-1,5,5
2017-01-21,MRK,-1,3,-5,27,6
2017-01-20,MRK,1,5,-4,43,5
2017-01-19,MRK,-2,2,-5,33,3
2017-01-18,MRK,1,5,-4,31,3
2017-01-17,MRK,1,4,-4,11,1
2017-01-16,MRK,2,5,-3,14,2
2017-01-15,MRK,0,0,0,0,0
2017-01-14,MRK,-1,3,-5,6,2
2017-01-13,MRK,2,5,-1,46,5
2017-01-12,MRK,-1,4,-4,88,10
2017-01-11,MRK,1,5,-3,47,8
2017-01-10,MRK,-1,4,-4,16,2
2017-01-09,MRK,3,5,1,11,2
2017-01-08,MRK,2,5,-3,3,1
2017-01-07,MRK,2,2,2,2,1
2017-01-06,MRK,-2,3,-5,11,2
2017-01-05,MRK,1,5,-4,6,1
2017-01-04,MRK,-1,3,-5,5,0
2017-01-03,MRK,3,4,1,8,1
2017-01-02,MRK,1,4,-3,14,3
2017-01-01,MRK,1,3,-3,4,4
2016-12-31,MRK,-3,2,-5,6,2
2016-12-30,MRK,-1,3,-4,13,2
2016-12-29,MRK,-2,2,-5,11,2
2016-12-28,MRK,-2,3,-5,11,2
2016-12-27,MRK,1,5,-5,4,0
2016-12-26,MRK,2,5,-3,3,2
2016-12-25,MRK,5,5,5,1,4
2016-12-24,MRK,1,3,-2,8,6
2016-12-23,MRK,2,4,-2,55,10
2016-12-22,MRK,-1,4,-4,9,3
2016-12-21,MRK,-1,4,-5,22,9
2016-12-20,MRK,3,5,-1,4,1
2016-12-19,MRK,-1,4,-5,20,10
2016-12-18,MRK,-2,-1,-3,3,7
2016-12-17,MRK,-2,3,-5,11,10
2016-12-16,MRK,-2,3,-5,27,10
2016-12-15,MRK,1,5,-3,11,5
2016-12-14,MRK,4,5,3,9,2
2016-12-13,MRK,-1,2,-3,13,4
2016-12-12,MRK,-1,4,-4,13,6
2016-12-11,MRK,-2,3,-5,2,3
2016-12-10,MRK,3,5,-2,10,5
2016-12-09,MRK,2,5,-3,16,5
2016-12-08,MRK,2,4,-1,6,1
2016-12-07,MRK,-2,3,-5,22,6
2016-12-06,MRK,-2,2,-5,7,2
2016-12-05,MRK,1,5,-4,6,1
2016-12-04,MRK,-1,3,-4,4,5
2016-12-03,MRK,-3,2,-5,3,2
2016-12-02,MRK,1,3,-3,9,2
2016-12-01,MRK,4,5,2,6,1
2016-11-30,MRK,1,4,-3,14,4
2016-11-29,MRK,2,5,-2,17,5
2016-11-28,MRK,0,0,0,0,0
2016-11-27,MRK,0,0,0,0,0
2016-11-26,MRK,0,0,0,0,0
2016-11-25,MRK,1,4,-3,9,2
2016-11-24,MRK,1,4,-3,9,2
2016-11-23,MRK,-3,2,-5,14,1
2016-11-22,MRK,2,5,-3,5,0
2016-11-21,MRK,3,5,1,3,0
2016-11-20,MRK,-1,4,-5,2,0
2016-11-19,MRK,-1,3,-5,5,0
2016-11-18,MRK,-3,-3,-3,1,0
2016-11-17,MRK,3,5,1,9,0
2016-11-16,MRK,1,4,-4,6,0
2016-11-15,MRK,2,5,-2,30,3
2016-11-14,MRK,1,5,-4,22,3
2016-11-13,MRK,-2,3,-5,2,0
2016-11-12,MRK,0,0,0,0,0
2016-11-11,MRK,3,5,-1,4,0
2016-11-10,MRK,1,5,-5,7,0
2016-11-09,MRK,1,5,-3,20,2
2016-11-08,MRK,1,5,-5,8,0
2016-11-07,MRK,-2,2,-5,19,2
2016-11-06,MRK,-1,2,-3,5,1
2016-11-05,MRK,1,5,-5,5,1
2016-11-04,MRK,-2,3,-5,21,2
2016-11-03,MRK,3,5,-1,11,1
2016-11-02,MRK,1,4,-3,29,2
2016-11-01,MRK,-2,3,-5,12,1
2016-10-31,MRK,4,5,1,5,2
2016-10-30,MRK,2,5,-3,7,2
2016-10-29,MRK,-2,2,-5,13,2
2016-10-28,MRK,-1,3,-4,21,2
2016-10-27,MRK,-1,3,-4,34,3
2016-10-26,MRK,-2,2,-5,15,1
2016-10-25,MRK,2,5,-3,92,10
2016-10-24,MRK,2,5,-2,20,4
2016-10-23,MRK,-5,-5,-5,1,2
2016-10-22,MRK,1,4,-3,8,2
2016-10-21,MRK,-1,2,-4,16,2
2016-10-20,MRK,-1,3,-3,8,1
2016-10-19,MRK,-2,2,-4,13,2
2016-10-18,MRK,2,5,-2,20,3
2016-10-17,MRK,-3,-1,-5,8,2
2016-10-16,MRK,0,0,0,0,0
2016-10-15,MRK,1,4,-3,6,2
2016-10-14,MRK,2,5,-2,21,3
2016-10-13,MRK,2,5,-4,17,2
2016-10-12,MRK,-1,4,-5,12,1
2016-10-11,MRK,-2,2,-5,23,3
2016-10-10,MRK,-1,4,-5,55,10
2016-10-09,MRK,2,5,-3,11,2
2016-10-08,MRK,-2,3,-5,7,1
2016-10-07,MRK,-2,4,-5,6,0
2016-10-06,MRK,-1,4,-4,13,1
2016-10-05,MRK,1,5,-4,13,1
2016-10-04,MRK,3,5,-1,9,1
2016-10-03,MRK,-5,-4,-5,22,3
2016-10-02,MRK,1,1,1,1,0
2016-10-01,MRK,0,0,0,0,0
2016-09-30,MRK,-4,-2,-5,3,0
2016-09-29,MRK,-5,-5,-5,11,1
2016-09-28,MRK,3,5,1,24,3
2016-09-27,MRK,-1,3,-4,16,2
2016-09-26,MRK,1,2,-1,6,1
2016-09-25,MRK,2,2,2,1,0
2016-09-24,MRK,-5,-5,-5,1,0
2016-09-23,MRK,-3,1,-5,4,0
2016-09-22,MRK,4,5,2,7,1
2016-09-21,MRK,3,5,-1,9,1
2016-09-20,MRK,1,4,-3,25,3
2016-09-19,MRK,-1,3,-5,66,10
2016-09-18,MRK,2,5,-3,3,6
2016-09-17,MRK,-2,-2,-2,3,3
2016-09-16,MRK,-1,3,-4,8,4
2016-09-15,MRK,1,4,-3,17,10
2016-09-14,MRK,-1,3,-3,3,1
2016-09-13,MRK,1,5,-4,4,2
2016-09-12,MRK,2,4,1,19,10
2016-09-11,MRK,-1,3,-4,5,3
2016-09-10,MRK,0,0,0,0,0
2016-09-09,MRK,0,0,0,0,0
2016-09-08,MRK,0,0,0,0,0
2016-09-07,MRK,0,0,0,0,0
2016-09-06,MRK,0,0,0,0,0
2016-09-05,MRK,1,3,-3,6,6
2016-09-04,MRK,4,4,3,2,4
2016-09-03,MRK,0,0,0,0,0
2016-09-02,MRK,-1,4,-5,13,2
2016-09-01,MRK,-5,-5,-5,2,0
2016-08-31,MRK,-1,-1,-2,2,0
2016-08-30,MRK,2,5,-4,3,0
2016-08-29,MRK,1,4,-4,5,2
2016-08-28,MRK,-1,3,-4,2,1
2016-08-27,MRK,2,5,-2,4,1
2016-08-26,MRK,-2,2,-5,3,0
2016-08-25,MRK,-3,1,-5,9,1
2016-08-24,MRK,4,5,2,4,0
2016-08-23,MRK,-2,2,-4,5,0
2016-08-22,MRK,-3,1,-5,11,2
2016-08-21,MRK,1,4,-3,2,0
2016-08-20,MRK,-1,-1,-1,1,0
2016-08-19,MRK,2,2,2,2,0
2016-08-18,MRK,-2,-2,-2,1,0
2016-08-17,MRK,-3,1,-5,11,2
2016-08-16,MRK,-1,4,-5,3,0
2016-08-15,MRK,4,5,2,3,1
2016-08-14,MRK,-2,1,-4,5,2
2016-08-13,MRK,-4,-4,-5,2,1
2016-08-12,MRK,1,5,-5,7,1
2016-08-11,MRK,-5,-5,-5,1,0
2016-08-10,MRK,-1,1,-2,7,1
2016-08-09,MRK,-1,3,-3,34,5
2016-08-08,MRK,-1,2,-3,34,5
2016-08-07,MRK,0,0,0,0,0
2016-08-06,MRK,0,0,0,0,0
2016-08-05,MRK,2,5,-2,57,10
2016-08-04,MRK,1,4,-2,34,6
2016-08-03,MRK,-2,2,-4,46,9
2016-08-02,MRK,-1,2,-3,39,7
2016-08-01,MRK,3,4,1,12,4
2016-07-31,MRK,3,3,3,2,4
2016-07-30,MRK,1,3,-2,6,6
2016-07-29,MRK,-1,3,-3,49,10
2016-07-28,MRK,1,3,-2,19,10
2016-07-27,MRK,1,4,-3,9,6
2016-07-26,MRK,2,3,-1,10,7
2016-07-25,MRK,1,3,-1,13,10
2016-07-24,MRK,2,4,-1,5,10
2016-07-23,MRK,1,4,-3,3,7
2016-07-22,MRK,-1,1,-2,12,10
2016-07-21,MRK,1,1,1,1,0
2016-07-20,MRK,2,4,-1,5,4
2016-07-19,MRK,-2,-1,-3,5,2
2016-07-18,MRK,1,3,-3,12,10
2016-07-17,MRK,2,3,-1,2,7
2016-07-16,MRK,1,2,-2,9,7
2016-07-15,MRK,-1,2,-2,10,5
2016-07-14,MRK,-1,2,-2,7,3
2016-07-13,MRK,1,3,-2,8,4
2016-07-12,MRK,1,2,-2,20,10
2016-07-11,MRK,1,1,-1,2,6
2016-07-10,MRK,2,3,1,5,6
2016-07-09,MRK,1,3,-2,5,4
2016-07-08,MRK,5,5,4,8,3
2016-07-07,MRK,1,3,-2,19,8
2016-07-06,MRK,1,3,-2,14,6
2016-07-05,MRK,1,3,-1,12,5
2016-07-04,MRK,1,3,-1,5,9
2016-07-03,MRK,1,3,-2,13,10
2016-07-02,MRK,2,3,1,3,6
2016-07-01,MRK,1,3,-1,22,10
2016-06-30,MRK,2,4,-1,10,5
2016-06-29,MRK,2,3,-1,18,10
2016-06-28,MRK,1,3,-3,14,10
2016-06-27,MRK,1,5,-3,11,10
2016-06-26,MRK,1,2,-1,9,10
2016-06-25,MRK,3,3,3,3,5
2016-06-24,MRK,1,3,-2,6,1
2016-06-23,MRK,-1,3,-5,2,0
2016-06-22,MRK,-2,2,-5,7,2
2016-06-21,MRK,-4,-2,-5,5,1
2016-06-20,MRK,1,5,-4,8,2
2016-06-19,MRK,1,1,1,1,3
2016-06-18,MRK,1,1,1,1,10
2016-06-17,MRK,-3,1,-5,21,10
2016-06-16,MRK,-1,3,-5,2,0
2016-06-15,MRK,-2,2,-5,7,2
2016-06-14,MRK,-1,2,-2,9,2
2016-06-13,MRK,-1,2,-2,12,5
2016-06-12,MRK,2,4,-2,4,5
2016-06-11,MRK,-1,2,-3,6,6
2016-06-10,MRK,-2,2,-4,39,10
2016-06-09,MRK,1,3,-2,16,8
2016-06-08,MRK,-1,3,-3,8,4
2016-06-07,MRK,-1,3,-4,15,7
2016-06-06,MRK,1,4,-2,12,10
2016-06-05,MRK,-1,2,-3,10,8
2016-06-04,MRK,-1,2,-3,5,4
2016-06-03,MRK,2,3,-1,7,3
2016-06-02,MRK,-2,-1,-3,20,8
2016-06-01,MRK,1,4,-3,10,4
2016-05-31,MRK,1,2,-2,8,3
2016-05-30,MRK,-1,2,-4,4,10
2016-05-29,MRK,1,3,-2,5,10
2016-05-28,MRK,-1,1,-3,14,10
2016-05-27,MRK,1,2,-2,23,10
2016-05-26,MRK,1,3,-2,9,1
2016-05-25,MRK,-1,2,-2,9,1
2016-05-24,MRK,1,3,-2,15,2
2016-05-23,MRK,-1,2,-3,18,3
2016-05-22,MRK,-2,-2,-2,1,1
2016-05-21,MRK,-1,2,-2,7,1
2016-05-20,MRK,-1,2,-2,11,1
2016-05-19,MRK,-1,2,-3,75,10
2016-05-18,MRK,-1,2,-2,15,4
2016-05-17,MRK,-1,2,-3,16,5
2016-05-16,MRK,-1,1,-2,18,10
2016-05-15,MRK,1,3,-2,10,10
2016-05-14,MRK,-1,1,-2,17,9
2016-05-13,MRK,1,3,-2,24,7
2016-05-12,MRK,1,3,-3,31,3
2016-05-11,MRK,1,3,-2,22,2
2016-05-10,MRK,-1,2,-3,20,1
2016-05-09,MRK,1,3,-1,18,4
2016-05-08,MRK,1,2,-1,8,3
2016-05-07,MRK,1,3,-2,21,3
2016-05-06,MRK,1,2,-2,29,2
2016-05-05,MRK,1,3,-2,101,10
2016-05-04,MRK,-1,2,-3,10,4
2016-05-03,MRK,-1,3,-3,13,5
2016-05-02,MRK,1,3,-3,18,10
2016-05-01,MRK,-1,1,-2,3,7
2016-04-30,MRK,-1,3,-4,8,7
2016-04-29,MRK,1,3,-3,17,7
2016-04-28,MRK,-1,2,-3,22,10
2016-04-27,MRK,1,3,-3,10,7
2016-04-26,MRK,2,4,-1,12,8
2016-04-25,MRK,2,4,-2,14,10
2016-04-24,MRK,1,3,-1,5,8
2016-04-23,MRK,-2,-1,-4,6,6
2016-04-22,MRK,-1,2,-3,6,4
2016-04-21,MRK,3,3,2,5,2
2016-04-20,MRK,1,2,-1,8,3
2016-04-19,MRK,1,3,-3,14,5
2016-04-18,MRK,2,4,-1,15,9
2016-04-17,MRK,2,2,2,2,4
2016-04-16,MRK,-1,3,-3,6,4
2016-04-15,MRK,1,3,-2,9,3
2016-04-14,MRK,-1,2,-3,25,10
2016-04-13,MRK,1,3,-2,23,7
2016-04-12,MRK,2,4,-1,13,4
2016-04-11,MRK,1,1,-1,3,3
2016-04-10,MRK,1,4,-2,3,2
2016-04-09,MRK,1,3,-2,4,2
2016-04-08,MRK,-1,2,-2,3,1
2016-04-07,MRK,-1,3,-4,16,5
2016-04-06,MRK,2,4,-1,30,10
2016-04-05,MRK,2,4,-1,11,7
2016-04-04,MRK,1,3,-3,14,10
2016-04-03,MRK,1,3,-2,5,7
2016-04-02,MRK,1,2,-2,12,6
2016-04-01,MRK,2,4,-1,15,4
2016-03-31,MRK,-2,1,-4,15,4
2016-03-30,MRK,1,3,-3,10,1
2016-03-29,MRK,1,3,-1,7,1
2016-03-28,MRK,1,3,-2,31,6
2016-03-27,MRK,-2,-1,-3,2,2
2016-03-26,MRK,2,5,-2,3,3
2016-03-25,MRK,-2,1,-4,29,4
2016-03-24,MRK,-1,2,-3,12,2
2016-03-23,MRK,-2,1,-4,59,10
2016-03-22,MRK,1,3,-2,17,9
2016-03-21,MRK,2,4,-1,10,10
2016-03-20,MRK,-1,1,-3,2,6
2016-03-19,MRK,1,2,-2,6,6
2016-03-18,MRK,-1,2,-2,9,5
2016-03-17,MRK,1,3,-2,15,8
2016-03-16,MRK,-1,2,-3,18,10
2016-03-15,MRK,-1,2,-3,10,1
2016-03-14,MRK,2,4,-2,11,2
2016-03-13,MRK,0,0,0,0,0
2016-03-12,MRK,-1,1,-2,4,1
2016-03-11,MRK,1,4,-2,6,1
2016-03-10,MRK,1,3,-2,12,2
2016-03-09,MRK,1,3,-2,17,3
2016-03-08,MRK,-1,2,-3,52,10
2016-03-07,MRK,1,3,-3,28,10
2016-03-06,MRK,2,4,-1,10,10
2016-03-05,MRK,2,4,-2,17,8
2016-03-04,MRK,-1,2,-2,18,5
2016-03-03,MRK,-1,2,-4,31,10
2016-03-02,MRK,-1,3,-3,17,8
2016-03-01,MRK,1,3,-2,19,9
2016-02-29,MRK,1,3,-2,10,10
2016-02-28,MRK,2,4,-2,8,9
2016-02-27,MRK,1,3,-1,7,6
2016-02-26,MRK,2,4,-1,11,5
2016-02-25,MRK,1,3,-2,18,8
2016-02-24,MRK,1,3,-2,21,10
2016-02-23,MRK,1,2,-2,10,2
2016-02-22,MRK,2,4,-1,10,5
2016-02-21,MRK,2,3,-1,5,3
2016-02-20,MRK,-1,1,-3,7,2
2016-02-19,MRK,-1,1,-2,4,1
2016-02-18,MRK,2,3,-1,6,1
2016-02-17,MRK,-2,-1,-3,13,3
2016-02-16,MRK,1,3,-2,37,10
2016-02-15,MRK,1,3,-2,17,10
2016-02-14,MRK,1,2,-1,6,10
2016-02-13,MRK,-1,2,-4,7,8
2016-02-12,MRK,-2,1,-4,19,10
2016-02-11,MRK,1,3,-2,18,8
2016-02-10,MRK,1,2,-1,16,1
2016-02-09,MRK,-1,2,-3,8,0
2016-02-08,MRK,-1,2,-2,14,2
2016-02-07,MRK,1,2,-1,6,2
2016-02-06,MRK,-1,2,-2,16,1
2016-02-05,MRK,-1,2,-3,19,1
2016-02-04,MRK,-2,1,-3,21,1
2016-02-03,MRK,1,3,-3,132,10
2016-02-02,MRK,1,4,-2,39,6
2016-02-01,MRK,-1,2,-3,17,4
2016-01-31,MRK,-1,2,-2,7,5
2016-01-30,MRK,2,4,-2,8,6
2016-01-29,MRK,1,3,-2,65,10
2016-01-28,MRK,-1,2,-3,17,8
2016-01-27,MRK,2,4,-2,19,9
2016-01-26,MRK,-2,2,-4,12,6
2016-01-25,MRK,-1,3,-3,11,10
2016-01-24,MRK,2,3,1,6,6
2016-01-23,MRK,2,4,1,4,4
2016-01-22,MRK,2,3,-1,9,2
2016-01-21,MRK,-1,2,-2,19,5
2016-01-20,MRK,2,4,-1,20,6
2016-01-19,MRK,1,2,-2,10,3
2016-01-18,MRK,2,4,-1,8,7
2016-01-17,MRK,3,4,1,8,8
2016-01-16,MRK,-1,2,-3,10,8
2016-01-15,MRK,-1,2,-3,33,10
2016-01-14,MRK,-1,2,-4,11,7
2016-01-13,MRK,1,3,-2,15,10
2016-01-12,MRK,1,3,-3,14,4
2016-01-11,MRK,-1,2,-3,15,8
2016-01-10,MRK,1,2,-1,6,5
2016-01-09,MRK,-1,1,-3,5,4
2016-01-08,MRK,1,3,-2,13,4
2016-01-07,MRK,1,3,-2,10,3
2016-01-06,MRK,2,4,-1,13,4
2016-01-05,MRK,2,4,-1,29,10
2016-01-04,MRK,1,3,-2,27,10
2016-01-03,MRK,1,2,1,3,10
2016-01-02,MRK,2,5,-1,7,10
2016-01-01,MRK,2,4,1,5,7
2015-12-31,MRK,2,5,-1,4,2
2015-12-30,MRK,1,1,-1,4,1
2015-12-29,MRK,1,4,-2,7,2
2015-12-28,MRK,1,3,-3,7,6
2015-12-27,MRK,3,5,-1,4,4
2015-12-26,MRK,1,2,-2,5,2
2015-12-25,MRK,1,3,-2,4,1
2015-12-24,MRK,1,4,-2,14,3
2015-12-23,MRK,1,4,-2,25,6
2015-12-22,MRK,2,4,-1,21,5
2015-12-21,MRK,1,3,-2,24,10
2015-12-20,MRK,2,4,-1,4,7
2015-12-19,MRK,-1,2,-2,12,8
2015-12-18,MRK,-2,2,-4,34,9
2015-12-17,MRK,-1,1,-3,36,8
2015-12-16,MRK,2,4,-1,33,7
2015-12-15,MRK,1,4,-2,32,7
2015-12-14,MRK,-1,3,-3,22,7
2015-12-13,MRK,-2,-2,-3,6,4
2015-12-12,MRK,-2,1,-3,10,4
2015-12-11,MRK,1,3,-2,19,3
2015-12-10,MRK,1,4,-2,42,8
2015-12-09,MRK,1,3,-2,18,3
2015-12-08,MRK,1,2,-1,8,1
2015-12-07,MRK,1,3,-2,49,10
2015-12-06,MRK,1,3,-2,9,8
2015-12-05,MRK,-1,2,-3,5,6
2015-12-04,MRK,-1,2,-3,29,10
2015-12-03,MRK,-2,1,-4,17,6
2015-12-02,MRK,1,3,-3,12,4
2015-12-01,MRK,3,5,-1,20,7
2015-11-30,MRK,2,5,-4,4,1
2015-11-29,MRK,0,0,0,0,0
2015-11-28,MRK,5,5,5,1,6
2015-11-27,MRK,-3,2,-5,16,5
2015-11-26,MRK,0,0,0,0,0
2015-11-25,MRK,2,5,-3,10,0
2015-11-24,MRK,4,5,1,10,0
2015-11-23,MRK,1,5,-4,6,0
2015-11-22,MRK,-1,4,-4,3,0
2015-11-21,MRK,3,5,-1,4,0
2015-11-20,MRK,-2,2,-5,9,0
2015-11-19,MRK,-3,2,-5,5,0
2015-11-18,MRK,-1,4,-5,10,0
2015-11-17,MRK,-3,2,-5,15,0
2015-11-16,MRK,-1,4,-5,8,0
2015-11-15,MRK,-1,3,-4,4,1
2015-11-14,MRK,-4,-3,-5,3,1
2015-11-13,MRK,-1,4,-5,28,1
2015-11-12,MRK,3,5,-2,19,1
2015-11-11,MRK,3,5,1,5,0
2015-11-10,MRK,1,5,-5,2,0
2015-11-09,MRK,4,5,2,6,0
2015-11-08,MRK,5,5,5,1,0
2015-11-07,MRK,1,5,-5,2,0
2015-11-06,MRK,-1,5,-5,26,1
2015-11-05,MRK,2,5,-3,14,0
2015-11-04,MRK,-1,3,-5,21,1
2015-11-03,MRK,2,5,-3,23,1
2015-11-02,MRK,2,5,-2,15,1
2015-11-01,MRK,-2,-2,-2,1,1
2015-10-31,MRK,-2,2,-5,8,1
2015-10-30,MRK,1,5,-4,27,1
2015-10-29,MRK,2,5,-2,16,1
2015-10-28,MRK,-3,2,-5,45,2
2015-10-27,MRK,-2,2,-5,133,10
2015-10-26,MRK,-2,3,-5,43,10
2015-10-25,MRK,1,5,-5,17,5
2015-10-24,MRK,4,5,-1,8,2
2015-10-23,MRK,1,4,-4,14,2
2015-10-22,MRK,1,4,-3,11,2
2015-10-21,MRK,-2,3,-5,21,4
2015-10-20,MRK,2,5,-3,24,4
2015-10-19,MRK,-1,4,-5,5,2
2015-10-18,MRK,-3,-2,-4,3,2
2015-10-17,MRK,-2,3,-5,4,2
2015-10-16,MRK,-1,4,-5,18,3
2015-10-15,MRK,1,5,-4,22,4
2015-10-14,MRK,2,5,-3,31,6
2015-10-13,MRK,-1,3,-5,16,3
2015-10-12,MRK,-2,3,-5,44,9
2015-10-11,MRK,2,2,2,1,3
2015-10-10,MRK,-1,3,-3,6,4
2015-10-09,MRK,2,5,-2,31,6
2015-10-08,MRK,1,5,-3,47,9
2015-10-07,MRK,1,4,-4,46,10
2015-10-06,MRK,-1,4,-4,24,5
2015-10-05,MRK,-2,3,-5,21,6
2015-10-04,MRK,5,5,5,1,3
2015-10-03,MRK,0,0,0,0,0
2015-10-02,MRK,-3,-1,-5,17,3
2015-10-01,MRK,-1,4,-5,17,3
2015-09-30,MRK,5,5,5,1,0
2015-09-29,MRK,0,0,0,0,0
2015-09-28,MRK,-2,3,-5,27,10
2015-09-27,MRK,1,4,-4,7,7
2015-09-26,MRK,0,0,0,0,0
2015-09-25,MRK,2,5,-2,27,9
2015-09-24,MRK,1,5,-5,12,4
2015-09-23,MRK,3,5,-1,43,10
2015-09-22,MRK,-1,3,-5,45,10
2015-09-21,MRK,-1,3,-5,22,10
2015-09-20,MRK,1,5,-5,5,5
2015-09-19,MRK,0,0,0,0,0
2015-09-18,MRK,-2,2,-5,17,5
2015-09-17,MRK,-3,1,-5,16,5
2015-09-16,MRK,1,5,-3,29,10
2015-09-15,MRK,1,5,-4,12,7
2015-09-14,MRK,-1,4,-5,7,4
2015-09-13,MRK,2,4,-2,4,6
2015-09-12,MRK,0,0,0,0,0
2015-09-11,MRK,1,3,-2,14,10
2015-09-10,MRK,2,2,1,2,3
2015-09-09,MRK,0,0,0,0,0
2015-09-08,MRK,0,0,0,0,0
2015-09-07,MRK,-3,-3,-3,1,2
2015-09-06,MRK,-1,2,-3,2,2
2015-09-05,MRK,-2,1,-4,2,1
2015-09-04,MRK,1,1,1,1,0
2015-09-03,MRK,-1,2,-3,6,2
2015-09-02,MRK,1,3,-2,15,7
2015-09-01,MRK,-1,3,-4,11,5
2015-08-31,MRK,-2,-1,-4,17,10
2015-08-30,MRK,1,2,-1,2,5
2015-08-29,MRK,3,4,2,2,6
2015-08-28,MRK,-1,2,-2,21,10
2015-08-27,MRK,1,3,-1,8,3
2015-08-26,MRK,1,3,-1,17,7
2015-08-25,MRK,-1,1,-3,14,6
2015-08-24,MRK,-1,2,-2,9,4
2015-08-23,MRK,0,0,0,0,0
2015-08-22,MRK,-3,-3,-3,1,5
2015-08-21,MRK,-1,2,-4,21,9
2015-08-20,MRK,-2,2,-4,22,6
2015-08-19,MRK,1,3,-3,12,3
2015-08-18,MRK,-1,2,-3,16,4
2015-08-17,MRK,1,2,-2,7,4
2015-08-16,MRK,-1,2,-3,3,3
2015-08-15,MRK,-2,-1,-3,5,2
2015-08-14,MRK,-2,1,-4,9,2
2015-08-13,MRK,-1,2,-3,36,10
2015-08-12,MRK,1,3,-2,24,8
2015-08-11,MRK,2,3,-1,14,5
2015-08-10,MRK,-1,2,-4,6,2
2015-08-09,MRK,5,5,5,1,1
2015-08-08,MRK,0,0,0,0,0
2015-08-07,MRK,-2,1,-5,11,1
2015-08-06,MRK,-1,3,-3,27,2
2015-08-05,MRK,1,4,-2,6,0
2015-08-04,MRK,2,4,-1,10,1
2015-08-03,MRK,1,3,-3,10,2
2015-08-02,MRK,1,3,-3,8,5
2015-08-01,MRK,1,3,-3,8,5
2015-07-31,MRK,1,3,-2,95,10
2015-07-30,MRK,2,3,-1,12,1
2015-07-29,MRK,2,5,-1,24,2
2015-07-28,MRK,1,3,-2,85,10
2015-07-27,MRK,-1,2,-2,17,9
2015-07-26,MRK,2,3,-1,5,6
2015-07-25,MRK,-1,1,-2,5,6
2015-07-24,MRK,-1,2,-2,29,10
2015-07-23,MRK,1,3,-2,10,5
2015-07-22,MRK,1,4,-3,12,7
2015-07-21,MRK,1,2,-2,17,10
2015-07-20,MRK,-1,2,-3,5,5
2015-07-19,MRK,2,5,-2,2,4
2015-07-18,MRK,-1,1,-2,3,4
2015-07-17,MRK,2,4,-1,10,5
2015-07-16,MRK,1,2,-1,7,4
2015-07-15,MRK,2,3,-1,10,5
2015-07-14,MRK,2,3,1,10,5
2015-07-13,MRK,1,3,-2,17,10
2015-07-12,MRK,0,0,0,0,0
2015-07-11,MRK,-2,-1,-4,2,3
2015-07-10,MRK,-1,1,-3,8,4
2015-07-09,MRK,2,4,-2,12,7
2015-07-08,MRK,3,3,2,7,4
2015-07-07,MRK,-1,2,-3,17,10
2015-07-06,MRK,1,1,-1,4,6
2015-07-05,MRK,0,0,0,0,0
2015-07-04,MRK,-2,2,-5,4,5
2015-07-03,MRK,1,2,-1,3,2
2015-07-02,MRK,-1,2,-3,4,3
2015-07-01,MRK,1,4,-2,12,10
2015-06-30,MRK,2,4,-1,8,4
2015-06-29,MRK,1,3,-2,12,10
2015-06-28,MRK,1,3,-3,4,5
2015-06-27,MRK,-1,-1,-2,4,3
2015-06-26,MRK,-2,-1,-3,6,3
2015-06-25,MRK,1,3,-3,8,4
2015-06-24,MRK,2,4,-1,9,3
2015-06-23,MRK,2,4,-1,20,6
2015-06-22,MRK,3,4,1,18,10
2015-06-21,MRK,3,5,-1,11,6
2015-06-20,MRK,-2,-2,-3,3,3
2015-06-19,MRK,1,2,-1,13,4
2015-06-18,MRK,1,4,-2,19,6
2015-06-17,MRK,-1,2,-3,30,10
2015-06-16,MRK,1,3,-3,12,5
2015-06-15,MRK,1,3,-2,18,10
2015-06-14,MRK,2,4,-1,4,5
2015-06-13,MRK,-2,-1,-4,3,4
2015-06-12,MRK,-2,1,-4,12,5
2015-06-11,MRK,2,4,-2,13,4
2015-06-10,MRK,-1,2,-3,21,7
2015-06-09,MRK,1,3,-3,14,5
2015-06-08,MRK,1,3,-2,20,9
2015-06-07,MRK,2,4,-1,6,4
2015-06-06,MRK,-1,2,-4,3,2
2015-06-05,MRK,-1,2,-2,11,2
2015-06-04,MRK,1,3,-2,27,6
2015-06-03,MRK,2,4,-2,14,3
2015-06-02,MRK,-2,1,-4,26,5
2015-06-01,MRK,-1,2,-4,32,10
2015-05-31,MRK,1,4,-2,7,7
2015-05-30,MRK,-1,2,-3,9,7
2015-05-29,MRK,-1,2,-3,44,10
2015-05-28,MRK,1,3,-2,21,7
2015-05-27,MRK,1,4,-2,27,10
2015-05-26,MRK,1,2,-2,16,3
2015-05-25,MRK,1,3,-3,2,3
2015-05-24,MRK,2,2,2,1,3
2015-05-23,MRK,2,4,-1,11,3
2015-05-22,MRK,1,3,-2,9,2
2015-05-21,MRK,2,3,-1,11,2
2015-05-20,MRK,2,4,-1,6,1
2015-05-19,MRK,2,4,-1,44,10
2015-05-18,MRK,2,4,1,24,10
2015-05-17,MRK,2,3,1,4,5
2015-05-16,MRK,-2,1,-4,5,5
2015-05-15,MRK,3,5,-1,17,6
2015-05-14,MRK,-1,3,-4,15,5
2015-05-13,MRK,-1,2,-2,17,6
2015-05-12,MRK,-1,1,-3,27,10
2015-05-11,MRK,1,3,-2,3,5
2015-05-10,MRK,-1,1,-3,2,3
2015-05-09,MRK,-1,1,-3,3,3
2015-05-08,MRK,2,4,-1,4,2
2015-05-07,MRK,1,3,-2,11,6
2015-05-06,MRK,-1,1,-2,13,1
2015-05-05,MRK,-1,1,-3,16,0
2015-05-04,MRK,2,4,-2,8,0
2015-05-03,MRK,-2,-1,-2,4,0
2015-05-02,MRK,-1,2,-3,3,0
2015-05-01,MRK,1,3,-3,5,0
2015-04-30,MRK,1,3,-1,14,0
2015-04-29,MRK,-1,2,-3,72,4
2015-04-28,MRK,1,3,-2,171,10
2015-04-27,MRK,1,3,-2,40,10
2015-04-26,MRK,-1,1,-3,6,10
2015-04-25,MRK,1,3,-2,20,10
2015-04-24,MRK,1,3,-2,31,9
2015-04-23,MRK,1,3,-3,18,5
2015-04-22,MRK,1,3,-2,21,6
2015-04-21,MRK,1,3,-2,13,3
2015-04-20,MRK,1,3,-2,34,10
2015-04-19,MRK,1,3,-2,31,10
2015-04-18,MRK,1,3,-1,8,8
2015-04-17,MRK,1,4,-3,16,7
2015-04-16,MRK,1,3,-3,19,8
2015-04-15,MRK,2,4,-1,19,5
2015-04-14,MRK,1,2,-2,19,5
2015-04-13,MRK,-1,1,-2,14,6
2015-04-12,MRK,2,2,1,5,4
2015-04-11,MRK,-2,1,-4,6,4
2015-04-10,MRK,1,4,-3,22,5
2015-04-09,MRK,1,3,-3,10,2
2015-04-08,MRK,2,4,-1,38,10
2015-04-07,MRK,2,3,-1,16,5
2015-04-06,MRK,1,3,-2,8,7
2015-04-05,MRK,2,3,1,8,4
2015-04-04,MRK,2,3,2,5,2
2015-04-03,MRK,1,1,1,1,0
2015-04-02,MRK,1,3,-2,16,5
2015-04-01,MRK,1,3,-3,27,8
2015-03-31,MRK,1,4,-3,19,5
2015-03-30,MRK,1,3,-2,25,9
2015-03-29,MRK,4,5,3,2,3
2015-03-28,MRK,2,4,-1,4,3
2015-03-27,MRK,1,3,-2,14,4
2015-03-26,MRK,1,3,-2,30,9
2015-03-25,MRK,-1,2,-3,32,10
2015-03-24,MRK,1,3,-2,30,10
2015-03-23,MRK,1,4,-2,9,7
2015-03-22,MRK,2,2,2,1,6
2015-03-21,MRK,1,3,-2,5,7
2015-03-20,MRK,1,3,-1,21,8
2015-03-19,MRK,-1,2,-3,14,5
2015-03-18,MRK,1,3,-2,14,5
2015-03-17,MRK,2,4,-2,17,6
2015-03-16,MRK,1,3,-1,12,6
2015-03-15,MRK,2,2,2,1,5
2015-03-14,MRK,-2,-2,-3,4,6
2015-03-13,MRK,-1,3,-3,25,10
2015-03-12,MRK,1,4,-2,18,5
2015-03-11,MRK,2,5,-2,15,4
2015-03-10,MRK,1,3,-2,21,5
2015-03-09,MRK,-2,2,-4,22,8
2015-03-08,MRK,4,5,2,2,3
2015-03-07,MRK,2,4,-2,7,3
2015-03-06,MRK,1,3,-1,13,3
2015-03-05,MRK,2,4,-1,31,8
2015-03-04,MRK,-1,2,-3,11,3
2015-03-03,MRK,1,3,-3,36,10
2015-03-02,MRK,1,2,-1,4,7
2015-03-01,MRK,-1,2,-3,6,8
2015-02-28,MRK,1,3,-2,9,6
2015-02-27,MRK,-1,2,-2,14,5
2015-02-26,MRK,-1,2,-3,20,8
2015-02-25,MRK,2,3,-1,17,7
2015-02-24,MRK,1,2,-2,24,10
2015-02-23,MRK,2,3,-1,21,10
2015-02-22,MRK,-3,-3,-3,1,5
2015-02-21,MRK,1,3,-2,2,6
2015-02-20,MRK,-1,3,-3,18,10
2015-02-19,MRK,2,5,-1,10,7
2015-02-18,MRK,-1,2,-4,7,5
2015-02-17,MRK,1,3,-2,10,7
2015-02-16,MRK,2,5,-1,11,10
2015-02-15,MRK,1,3,-3,6,8
2015-02-14,MRK,-1,2,-4,4,5
2015-02-13,MRK,2,5,-2,9,5
2015-02-12,MRK,-1,2,-3,14,4
2015-02-11,MRK,1,2,-1,9,0
2015-02-10,MRK,-1,2,-2,8,0
2015-02-09,MRK,-1,1,-3,16,2
2015-02-08,MRK,2,4,1,3,1
2015-02-07,MRK,2,4,-2,6,1
2015-02-06,MRK,-2,-1,-3,15,1
2015-02-05,MRK,1,3,-2,34,2
2015-02-04,MRK,-1,2,-3,118,10
2015-02-03,MRK,1,3,-2,13,2
2015-02-02,MRK,-2,1,-3,45,10
2015-02-01,MRK,-1,2,-3,13,10
2015-01-31,MRK,1,3,-2,9,10
2015-01-30,MRK,1,2,-2,18,8
2015-01-29,MRK,-1,2,-2,17,8
2015-01-28,MRK,-1,1,-3,12,5
2015-01-27,MRK,-1,3,-3,7,2
2015-01-26,MRK,-1,1,-3,9,5
2015-01-25,MRK,0,0,0,0,0
2015-01-24,MRK,1,4,-3,4,6
2015-01-23,MRK,1,2,-1,21,8
2015-01-22,MRK,-1,2,-3,12,5
2015-01-21,MRK,1,3,-3,24,8
2015-01-20,MRK,2,4,-2,12,4
2015-01-19,MRK,2,3,1,5,2
2015-01-18,MRK,2,2,1,2,2
2015-01-17,MRK,-4,-4,-4,2,2
2015-01-16,MRK,1,3,-1,13,2
2015-01-15,MRK,1,3,-2,20,4
2015-01-14,MRK,2,4,-2,29,6
2015-01-13,MRK,1,4,-2,20,4
2015-01-12,MRK,-1,1,-3,36,10
2015-01-11,MRK,-1,2,-2,9,7
2015-01-10,MRK,1,4,-2,9,6
2015-01-09,MRK,-1,3,-3,46,10
2015-01-08,MRK,1,3,-2,21,7
2015-01-07,MRK,1,2,-2,18,6
2015-01-06,MRK,-1,3,-3,29,10
2015-01-05,MRK,1,3,-2,20,10
2015-01-04,MRK,2,4,1,5,8
2015-01-03,MRK,1,3,-3,4,6
2015-01-02,MRK,1,4,-2,13,8
2015-01-01,MRK,1,4,-2,5,3
2014-12-31,MRK,2,4,-1,5,1
2014-12-30,MRK,2,4,-1,8,3
2014-12-29,MRK,3,4,1,16,7
2014-12-28,MRK,2,3,-1,4,4
2014-12-27,MRK,-1,2,-2,6,3
2014-12-26,MRK,2,4,-2,14,3
2014-12-25,MRK,-1,1,-2,2,0
2014-12-24,MRK,1,4,-2,26,7
2014-12-23,MRK,1,3,-2,13,3
2014-12-22,MRK,3,5,1,37,10
2014-12-21,MRK,-1,1,-3,4,7
2014-12-20,MRK,-2,1,-3,14,7
2014-12-19,MRK,1,2,-1,22,4
2014-12-18,MRK,1,3,-2,34,5
2014-12-17,MRK,-1,2,-2,15,2
2014-12-16,MRK,1,2,-2,20,3
2014-12-15,MRK,1,3,-2,13,4
2014-12-14,MRK,-3,-2,-4,2,4
2014-12-13,MRK,-1,2,-4,10,5
2014-12-12,MRK,1,3,-3,47,7
2014-12-11,MRK,-1,2,-3,60,10
2014-12-10,MRK,-1,2,-3,9,2
2014-12-09,MRK,1,3,-2,15,3
2014-12-08,MRK,-2,1,-3,40,10
2014-12-07,MRK,1,4,-3,3,10
2014-12-06,MRK,1,3,-1,6,10
2014-12-05,MRK,2,4,-1,6,10
2014-12-04,MRK,3,5,-1,4,6
2014-12-03,MRK,3,4,2,2,2
2014-12-02,MRK,-1,2,-2,3,1
2014-12-01,MRK,3,3,3,1,0
2014-11-30,MRK,0,0,0,0,0
2014-11-29,MRK,5,5,5,1,1
2014-11-28,MRK,1,2,-1,6,1
2014-11-27,MRK,1,2,-1,4,1
2014-11-26,MRK,1,3,-1,9,2
2014-11-25,MRK,1,3,-1,28,8
2014-11-24,MRK,1,3,-2,35,3
2014-11-23,MRK,4,5,2,6,1
2014-11-22,MRK,-1,1,-3,7,1
2014-11-21,MRK,1,3,-2,14,1
2014-11-20,MRK,1,3,-2,12,0
2014-11-19,MRK,2,4,-2,15,1
2014-11-18,MRK,1,3,-2,35,2
2014-11-17,MRK,-2,2,-4,139,10
2014-11-16,MRK,2,4,-1,9,4
2014-11-15,MRK,1,3,-2,3,3
2014-11-14,MRK,2,3,-1,19,4
2014-11-13,MRK,1,3,-2,29,7
2014-11-12,MRK,-1,2,-3,16,4
2014-11-11,MRK,1,3,-2,24,6
2014-11-10,MRK,1,2,-2,40,10
2014-11-09,MRK,1,1,1,1,5
2014-11-08,MRK,1,3,-3,4,5
2014-11-07,MRK,2,3,1,8,2
2014-11-06,MRK,2,3,-1,15,3
2014-11-05,MRK,-1,2,-3,13,3
2014-11-04,MRK,1,3,-2,14,3
2014-11-03,MRK,1,3,-1,8,0
2014-11-02,MRK,0,0,0,0,0
2014-11-01,MRK,1,1,-1,2,1
2014-10-31,MRK,2,4,-1,38,2
2014-10-30,MRK,3,4,1,28,2
2014-10-29,MRK,1,4,-2,14,1
2014-10-28,MRK,1,3,-3,46,3
2014-10-27,MRK,-2,1,-4,138,10
2014-10-26,MRK,1,2,-2,5,5
2014-10-25,MRK,-1,3,-4,3,5
2014-10-24,MRK,1,4,-2,44,10
2014-10-23,MRK,-2,1,-4,6,3
2014-10-22,MRK,-1,2,-4,11,6
2014-10-21,MRK,1,3,-2,9,5
2014-10-20,MRK,-1,3,-3,7,7
2014-10-19,MRK,-1,-1,-1,3,5
2014-10-18,MRK,-1,1,-3,3,4
2014-10-17,MRK,-2,1,-4,10,5
2014-10-16,MRK,-1,2,-3,17,9
2014-10-15,MRK,-1,2,-3,16,8
2014-10-14,MRK,1,3,-3,16,8
2014-10-13,MRK,2,4,1,4,2
2014-10-12,MRK,0,0,0,0,0
2014-10-11,MRK,-1,1,-2,2,3
2014-10-10,MRK,-1,2,-3,14,5
2014-10-09,MRK,-1,2,-3,18,4
2014-10-08,MRK,1,3,-2,20,5
2014-10-07,MRK,1,2,-2,10,2
2014-10-06,MRK,1,4,-2,28,9
2014-10-05,MRK,0,0,0,0,0
2014-10-04,MRK,1,4,-3,7,3
2014-10-03,MRK,1,2,-1,13,3
2014-10-02,MRK,1,3,-2,37,10
2014-10-01,MRK,1,3,-2,24,6
2014-09-30,MRK,1,3,-2,18,3
2014-09-29,MRK,1,2,-2,37,2
2014-09-28,MRK,-1,1,-2,10,1
2014-09-27,MRK,1,2,-1,7,0
2014-09-26,MRK,1,3,-1,11,0
2014-09-25,MRK,-1,2,-3,26,1
2014-09-24,MRK,1,3,-2,27,1
2014-09-23,MRK,1,3,-2,54,2
2014-09-22,MRK,-1,2,-3,184,10
2014-09-21,MRK,1,4,-2,6,3
2014-09-20,MRK,-2,-1,-3,7,4
2014-09-19,MRK,2,4,1,43,5
2014-09-18,MRK,2,4,-1,72,10
2014-09-17,MRK,1,2,-2,39,10
2014-09-16,MRK,0,0,0,0,0
2014-09-15,MRK,0,0,0,0,0
2014-09-14,MRK,2,3,1,3,2
2014-09-13,MRK,0,0,0,0,0
2014-09-12,MRK,-1,2,-3,10,2
2014-09-11,MRK,-1,3,-3,11,2
2014-09-10,MRK,-1,3,-3,10,2
2014-09-09,MRK,1,4,-2,16,4
2014-09-08,MRK,1,3,-2,24,10
2014-09-07,MRK,-1,2,-4,6,6
2014-09-06,MRK,-1,2,-3,7,7
2014-09-05,MRK,1,3,-2,37,10
2014-09-04,MRK,1,3,-2,25,10
2014-09-03,MRK,1,3,-2,15,9
2014-09-02,MRK,1,3,-2,14,4
2014-09-01,MRK,2,4,-1,7,2
2014-08-31,MRK,-1,-1,-1,1,0
2014-08-30,MRK,1,1,1,1,0
2014-08-29,MRK,-2,-1,-3,4,1
2014-08-28,MRK,1,4,-2,16,4
2014-08-27,MRK,1,3,-2,16,4
2014-08-26,MRK,1,3,-2,34,10
2014-08-25,MRK,1,3,-2,15,7
2014-08-24,MRK,-2,-1,-3,2,2
2014-08-23,MRK,-2,-1,-3,3,2
2014-08-22,MRK,-1,2,-4,7,2
2014-08-21,MRK,1,2,-1,5,1
2014-08-20,MRK,-1,1,-2,9,2
2014-08-19,MRK,2,4,-1,10,2
2014-08-18,MRK,2,3,-1,27,7
2014-08-17,MRK,-1,-1,-1,1,2
2014-08-16,MRK,4,5,2,2,2
2014-08-15,MRK,2,4,-1,18,4
2014-08-14,MRK,-1,3,-3,28,7
2014-08-13,MRK,1,4,-2,39,10
2014-08-12,MRK,-1,2,-3,19,10
2014-08-11,MRK,1,3,-2,11,10
2014-08-10,MRK,-3,-3,-3,1,4
2014-08-09,MRK,2,3,-1,2,4
2014-08-08,MRK,2,4,-1,6,5
2014-08-07,MRK,3,5,2,5,4
2014-08-06,MRK,-1,3,-3,12,3
2014-08-05,MRK,3,5,1,9,0
2014-08-04,MRK,2,3,-1,9,0
2014-08-03,MRK,0,0,0,0,0
2014-08-02,MRK,3,3,3,1,0
2014-08-01,MRK,1,2,-2,5,0
2014-07-31,MRK,-1,2,-4,8,0
2014-07-30,MRK,-1,3,-3,40,2
2014-07-29,MRK,1,4,-2,173,10
2014-07-28,MRK,-1,2,-3,40,10
2014-07-27,MRK,-1,1,-2,3,9
2014-07-26,MRK,2,3,1,9,9
2014-07-25,MRK,-1,3,-3,17,8
2014-07-24,MRK,1,3,-2,18,9
2014-07-23,MRK,1,2,-1,8,4
2014-07-22,MRK,2,4,-1,19,10
2014-07-21,MRK,-1,2,-3,12,10
2014-07-20,MRK,-2,-2,-2,3,2
2014-07-19,MRK,3,3,3,1,1
2014-07-18,MRK,-1,-1,-1,1,0
2014-07-17,MRK,-1,2,-4,16,10
2014-07-16,MRK,1,2,-1,12,7
2014-07-15,MRK,1,3,-1,13,4
2014-07-14,MRK,2,3,-1,15,10
2014-07-13,MRK,0,0,0,0,0
2014-07-12,MRK,2,4,1,13,6
2014-07-11,MRK,-1,2,-3,10,3
2014-07-10,MRK,1,2,-2,12,4
2014-07-09,MRK,-1,1,-3,16,5
2014-07-08,MRK,-1,2,-2,28,10
2014-07-07,MRK,-1,3,-4,20,7
2014-07-06,MRK,3,4,1,2,1
2014-07-05,MRK,1,1,1,1,0
2014-07-04,MRK,3,3,3,2,0
2014-07-03,MRK,2,4,1,17,5
2014-07-02,MRK,1,3,-1,15,4
2014-07-01,MRK,1,3,-2,20,6
2014-06-30,MRK,1,3,-2,31,10
2014-06-29,MRK,1,1,1,2,2
2014-06-28,MRK,-2,-2,-2,1,1
2014-06-27,MRK,-1,2,-3,8,2
2014-06-26,MRK,2,4,-2,17,5
2014-06-25,MRK,1,3,-1,25,6
2014-06-24,MRK,2,4,-1,26,7
2014-06-23,MRK,3,4,1,12,4
2014-06-22,MRK,0,0,0,0,0
2014-06-21,MRK,3,4,1,5,5
2014-06-20,MRK,3,5,-1,29,7
2014-06-19,MRK,2,3,-1,14,3
2014-06-18,MRK,1,3,-2,37,10
2014-06-17,MRK,1,3,-2,25,2
2014-06-16,MRK,-1,2,-3,8,0
2014-06-15,MRK,1,3,-2,4,0
2014-06-14,MRK,2,4,-2,6,0
2014-06-13,MRK,1,3,-2,17,0
2014-06-12,MRK,1,3,-2,31,1
2014-06-11,MRK,-1,3,-3,27,1
2014-06-10,MRK,1,3,-2,98,5
2014-06-09,MRK,1,3,-2,192,10
2014-06-08,MRK,-1,1,-2,4,2
2014-06-07,MRK,1,4,-3,4,1
2014-06-06,MRK,-1,2,-3,13,2
2014-06-05,MRK,-2,1,-3,18,3
2014-06-04,MRK,1,3,-2,12,2
2014-06-03,MRK,-1,2,-3,35,5
2014-06-02,MRK,1,3,-2,59,10
2014-06-01,MRK,1,2,1,3,2
2014-05-31,MRK,-1,1,-2,3,2
2014-05-30,MRK,1,3,-2,12,3
2014-05-29,MRK,-1,2,-3,35,10
2014-05-28,MRK,-1,2,-4,9,5
2014-05-27,MRK,-1,2,-3,18,6
2014-05-26,MRK,1,3,-2,8,4
2014-05-25,MRK,-1,1,-2,4,2
2014-05-24,MRK,2,3,-1,2,1
2014-05-23,MRK,-1,2,-3,4,1
2014-05-22,MRK,1,3,-2,14,2
2014-05-21,MRK,1,3,-2,7,1
2014-05-20,MRK,1,3,-2,29,5
2014-05-19,MRK,1,3,-2,23,5
2014-05-18,MRK,-3,-3,-3,2,2
2014-05-17,MRK,1,3,-2,3,2
2014-05-16,MRK,-1,3,-3,14,2
2014-05-15,MRK,-1,3,-3,50,10
2014-05-14,MRK,-1,3,-3,28,4
2014-05-13,MRK,2,3,-1,24,1
2014-05-12,MRK,1,3,-2,27,1
2014-05-11,MRK,4,5,2,8,1
2014-05-10,MRK,-1,2,-3,7,0
2014-05-09,MRK,1,4,-2,25,1
2014-05-08,MRK,-1,2,-3,42,1
2014-05-07,MRK,-1,2,-3,64,2
2014-05-06,MRK,-1,2,-3,226,10
2014-05-05,MRK,1,3,-1,18,1
2014-05-04,MRK,2,4,-1,8,2
2014-05-03,MRK,-1,3,-4,14,3
2014-05-02,MRK,-1,3,-3,111,5
2014-05-01,MRK,1,3,-2,53,2
2014-04-30,MRK,1,4,-2,102,4
2014-04-29,MRK,2,4,-1,214,10
2014-04-28,MRK,1,3,-2,100,10
2014-04-27,MRK,-1,2,-3,12,6
2014-04-26,MRK,1,3,-2,9,4
2014-04-25,MRK,1,3,-2,16,4
2014-04-24,MRK,2,4,-1,18,4
2014-04-23,MRK,1,2,-2,30,7
2014-04-22,MRK,1,3,-2,39,10
2014-04-21,MRK,-1,2,-4,20,8
2014-04-20,MRK,0,0,0,0,0
2014-04-19,MRK,-1,2,-3,3,2
2014-04-18,MRK,-1,1,-2,6,2
2014-04-17,MRK,-1,2,-3,20,5
2014-04-16,MRK,1,4,-2,15,4
2014-04-15,MRK,1,3,-2,28,8
2014-04-14,MRK,1,3,-2,19,7
2014-04-13,MRK,-2,-2,-2,2,3
2014-04-12,MRK,-1,2,-3,5,3
2014-04-11,MRK,-1,2,-3,16,4
2014-04-10,MRK,2,4,-2,35,10
2014-04-09,MRK,3,4,1,20,7
2014-04-08,MRK,-1,2,-3,19,7
2014-04-07,MRK,1,3,-2,13,7
2014-04-06,MRK,1,3,-2,4,3
2014-04-05,MRK,1,3,-2,4,2
2014-04-04,MRK,1,3,-2,5,1
2014-04-03,MRK,-1,2,-3,15,3
2014-04-02,MRK,-1,3,-3,27,6
2014-04-01,MRK,1,3,-2,19,4
2014-03-31,MRK,-2,1,-4,13,6
2014-03-30,MRK,-2,-1,-3,8,4
2014-03-29,MRK,-1,-1,-2,3,3
2014-03-28,MRK,-1,2,-2,17,4
2014-03-27,MRK,1,2,-2,40,10
2014-03-26,MRK,1,3,-2,26,7
2014-03-25,MRK,1,4,-2,33,10
2014-03-24,MRK,1,4,-2,14,7
2014-03-23,MRK,3,3,2,2,5
2014-03-22,MRK,1,3,-1,5,6
2014-03-21,MRK,-1,2,-3,29,10
2014-03-20,MRK,1,4,-3,23,10
2014-03-19,MRK,1,2,-2,13,7
2014-03-18,MRK,2,3,1,5,2
2014-03-17,MRK,1,3,-2,5,5
2014-03-16,MRK,1,4,-3,2,4
2014-03-15,MRK,2,3,1,3,4
2014-03-14,MRK,1,3,-2,10,5
2014-03-13,MRK,-1,3,-3,18,4
2014-03-12,MRK,1,3,-2,18,4
2014-03-11,MRK,-1,1,-3,5,1
2014-03-10,MRK,1,3,-2,16,5
2014-03-09,MRK,0,0,0,0,0
2014-03-08,MRK,2,3,-1,4,2
2014-03-07,MRK,1,3,-2,12,3
2014-03-06,MRK,2,4,-1,38,10
2014-03-05,MRK,2,4,-2,35,10
2014-03-04,MRK,-1,2,-3,7,4
2014-03-03,MRK,1,3,-2,16,10
2014-03-02,MRK,-3,-3,-3,1,8
2014-03-01,MRK,1,3,-3,7,9
2014-02-28,MRK,1,4,-2,17,10
2014-02-27,MRK,1,2,-2,14,6
2014-02-26,MRK,1,2,-2,5,2
2014-02-25,MRK,-1,2,-2,9,3
2014-02-24,MRK,2,5,-1,17,7
2014-02-23,MRK,-1,-1,-1,1,2
2014-02-22,MRK,3,3,3,1,2
2014-02-21,MRK,1,3,-2,14,5
2014-02-20,MRK,1,3,-2,23,8
2014-02-19,MRK,1,2,-2,12,4
2014-02-18,MRK,1,3,-2,27,7
2014-02-17,MRK,-1,1,-3,6,2
2014-02-16,MRK,-1,-1,-2,2,2
2014-02-15,MRK,5,5,5,1,0
2014-02-14,MRK,-2,3,-5,8,0
2014-02-13,MRK,2,5,-3,11,0
2014-02-12,MRK,2,5,-2,14,1
2014-02-11,MRK,-1,3,-5,38,2
2014-02-10,MRK,-1,4,-5,20,2
2014-02-09,MRK,-1,3,-5,5,1
2014-02-08,MRK,-2,2,-5,17,2
2014-02-07,MRK,-2,2,-4,43,2
2014-02-06,MRK,-2,2,-5,46,3
2014-02-05,MRK,-2,2,-5,149,10
2014-02-04,MRK,1,5,-4,20,4
2014-02-03,MRK,-2,2,-5,27,9
2014-02-02,MRK,1,5,-5,6,6
2014-02-01,MRK,-2,3,-5,19,7
2014-01-31,MRK,1,5,-4,33,6
2014-01-30,MRK,1,5,-4,12,2
2014-01-29,MRK,3,5,-1,12,2
2014-01-28,MRK,1,4,-4,14,2
2014-01-27,MRK,-2,3,-5,37,9
2014-01-26,MRK,3,4,2,4,2
2014-01-25,MRK,-3,1,-5,5,1
2014-01-24,MRK,-2,2,-5,8,1
2014-01-23,MRK,-1,4,-5,10,2
2014-01-22,MRK,-1,3,-4,9,1
2014-01-21,MRK,1,4,-3,10,2
2014-01-20,MRK,0,0,0,0,0
2014-01-19,MRK,-2,3,-5,5,2
2014-01-18,MRK,-2,3,-5,4,1
2014-01-17,MRK,-2,3,-5,6,1
2014-01-16,MRK,3,5,-1,13,2
2014-01-15,MRK,-3,1,-5,24,5
2014-01-14,MRK,-1,4,-5,45,9
2014-01-13,MRK,1,4,-4,44,10
2014-01-12,MRK,-5,-5,-5,1,3
2014-01-11,MRK,-1,2,-4,4,3
2014-01-10,MRK,2,5,-2,13,4
2014-01-09,MRK,1,4,-3,28,9
2014-01-08,MRK,-1,4,-4,9,3
2014-01-07,MRK,2,5,-3,7,2
2014-01-06,MRK,1,5,-5,5,2
2014-01-05,MRK,-5,-5,-5,1,2
2014-01-04,MRK,1,4,-4,4,4
2014-01-03,MRK,2,5,-2,16,2
2014-01-02,MRK,-1,4,-5,4,0
2014-01-01,MRK,-2,-2,-2,1,0
2013-12-31,MRK,-2,3,-5,17,2
2013-12-30,MRK,1,4,-4,19,5
2013-12-29,MRK,2,5,-2,7,2
2013-12-28,MRK,-3,-1,-5,4,1
2013-12-27,MRK,-1,4,-5,10,1
2013-12-26,MRK,-1,3,-5,14,2
2013-12-25,MRK,2,5,-2,6,1
2013-12-24,MRK,-1,5,-5,13,2
2013-12-23,MRK,-1,4,-5,10,2
2013-12-22,MRK,0,0,0,0,0
2013-12-21,MRK,-2,3,-5,7,2
2013-12-20,MRK,1,4,-3,14,2
2013-12-19,MRK,3,5,-1,28,4
2013-12-18,MRK,1,4,-3,15,2
2013-12-17,MRK,2,5,-1,18,3
2013-12-16,MRK,-1,4,-4,12,2
2013-12-15,MRK,-5,-5,-5,1,0
2013-12-14,MRK,-4,-3,-5,3,1
2013-12-13,MRK,2,5,-2,11,1
2013-12-12,MRK,1,4,-4,15,2
2013-12-11,MRK,0,0,0,0,0
2013-12-10,MRK,2,5,-2,18,3
2013-12-09,MRK,2,5,-3,23,5
2013-12-08,MRK,2,2,2,1,2
2013-12-07,MRK,1,3,-2,11,3
2013-12-06,MRK,2,5,-3,19,3
2013-12-05,MRK,-1,4,-4,60,10
2013-12-04,MRK,2,5,-3,13,3
2013-12-03,MRK,-2,2,-5,35,9
2013-12-02,MRK,1,5,-5,29,8
2013-12-01,MRK,2,5,-4,2,1
2013-11-30,MRK,-3,-3,-3,1,1
2013-11-29,MRK,-1,4,-4,6,1
2013-11-28,MRK,1,5,-5,4,1
2013-11-27,MRK,2,5,-1,11,2
2013-11-26,MRK,2,5,-3,19,1
2013-11-25,MRK,-3,1,-5,9,1
2013-11-24,MRK,-2,3,-5,9,1
2013-11-23,MRK,-2,1,-5,6,1
2013-11-22,MRK,1,4,-4,13,2
2013-11-21,MRK,1,4,-4,11,2
2013-11-20,MRK,-1,4,-5,14,2
2013-11-19,MRK,-1,4,-4,13,2
2013-11-18,MRK,1,5,-4,21,1
2013-11-17,MRK,-2,2,-5,5,1
2013-11-16,MRK,-5,-5,-5,1,3
2013-11-15,MRK,-1,4,-5,18,4
2013-11-14,MRK,1,5,-4,35,4
2013-11-13,MRK,-2,3,-5,25,2
2013-11-12,MRK,-2,2,-5,14,1
2013-11-11,MRK,2,5,-2,11,1
2013-11-10,MRK,2,5,-1,7,2
2013-11-09,MRK,-3,1,-5,8,2
2013-11-08,MRK,-2,2,-5,21,2
2013-11-07,MRK,1,5,-3,8,2
2013-11-06,MRK,-3,-1,-5,17,4
2013-11-05,MRK,1,5,-4,19,4
2013-11-04,MRK,2,5,-3,37,3
2013-11-03,MRK,3,5,-1,14,2
2013-11-02,MRK,-2,3,-5,8,2
2013-11-01,MRK,2,5,-3,18,3
2013-10-31,MRK,-1,4,-4,12,3
2013-10-30,MRK,-2,2,-5,23,10
2013-10-29,MRK,-2,2,-5,31,10
2013-10-28,MRK,-2,2,-5,173,9
2013-10-27,MRK,1,5,-4,11,2
2013-10-26,MRK,-3,2,-5,3,2
2013-10-25,MRK,-2,2,-5,25,2
2013-10-24,MRK,2,5,-2,11,2
2013-10-23,MRK,1,4,-4,19,2
2013-10-22,MRK,-1,4,-4,23,1
2013-10-21,MRK,1,5,-4,12,0
2013-10-20,MRK,-5,-5,-5,1,0
2013-10-19,MRK,3,3,3,1,0
2013-10-18,MRK,3,5,1,9,2
2013-10-17,MRK,1,5,-4,7,2
2013-10-16,MRK,2,5,-2,25,5
2013-10-15,MRK,2,5,-3,16,4
2013-10-14,MRK,-3,1,-5,60,3
2013-10-13,MRK,3,3,3,1,0
2013-10-12,MRK,-5,-5,-5,2,2
2013-10-11,MRK,-1,3,-4,12,3
2013-10-10,MRK,-1,3,-4,34,3
2013-10-09,MRK,-2,3,-5,25,2
2013-10-08,MRK,-1,4,-5,9,1
2013-10-07,MRK,2,5,-2,13,1
2013-10-06,MRK,-2,1,-4,5,1
2013-10-05,MRK,4,5,1,8,1
2013-10-04,MRK,-1,3,-4,7,3
2013-10-03,MRK,-3,1,-5,17,10
2013-10-02,MRK,-2,3,-5,40,10
2013-10-01,MRK,-2,2,-5,189,10
2013-09-30,MRK,2,5,-3,13,6
2013-09-29,MRK,-3,2,-5,9,6
2013-09-28,MRK,1,5,-4,7,9
2013-09-27,MRK,-1,4,-4,13,10
2013-09-26,MRK,-1,4,-4,20,10
2013-09-25,MRK,-3,1,-5,42,10
2013-09-24,MRK,1,5,-4,15,10
2013-09-23,MRK,1,5,-3,26,9
2013-09-22,MRK,5,5,5,1,3
2013-09-21,MRK,-4,-4,-4,1,10
2013-09-20,MRK,1,4,-4,8,10
2013-09-19,MRK,1,5,-4,22,10
2013-09-18,MRK,2,5,-3,9,9
2013-09-17,MRK,1,5,-3,10,6
2013-09-16,MRK,1,5,-4,10,3
2013-09-15,MRK,0,0,0,0,0
2013-09-14,MRK,0,0,0,0,0
2013-09-13,MRK,2,5,-3,4,10
2013-09-12,MRK,2,4,-2,10,10
2013-09-11,MRK,1,5,-3,31,10
2013-09-10,MRK,2,5,-2,23,10
2013-09-09,MRK,4,5,2,9,5
2013-09-08,MRK,1,5,-5,2,5
2013-09-07,MRK,-5,-5,-5,3,10
2013-09-06,MRK,-2,2,-5,11,10
2013-09-05,MRK,-2,2,-5,22,10
2013-09-04,MRK,-2,2,-5,9,6
2013-09-03,MRK,2,5,-3,8,3
2013-09-02,MRK,2,2,2,2,2
2013-09-01,MRK,-5,-5,-5,1,7
2013-08-31,MRK,-1,4,-5,4,10
2013-08-30,MRK,-1,3,-4,15,10
2013-08-29,MRK,3,5,-1,12,8
2013-08-28,MRK,-1,3,-5,7,4
2013-08-27,MRK,-3,1,-5,11,3
2013-08-26,MRK,-3,1,-5,14,2
2013-08-25,MRK,5,5,5,1,0
2013-08-24,MRK,5,5,5,1,2
2013-08-23,MRK,-4,-1,-5,5,3
2013-08-22,MRK,2,5,-3,10,2
2013-08-21,MRK,2,5,-3,9,2
2013-08-20,MRK,2,5,-3,4,2
2013-08-19,MRK,-3,2,-5,7,3
2013-08-18,MRK,-3,-2,-5,12,5
2013-08-17,MRK,-4,-2,-5,5,5
2013-08-16,MRK,-3,1,-5,28,7
2013-08-15,MRK,-3,1,-5,8,5
2013-08-14,MRK,-2,2,-5,18,7
2013-08-13,MRK,-2,2,-5,19,5
2013-08-12,MRK,-2,3,-5,22,3
2013-08-11,MRK,1,5,-4,3,3
2013-08-10,MRK,5,5,5,4,5
2013-08-09,MRK,-2,3,-5,22,5
2013-08-08,MRK,-2,2,-5,19,6
2013-08-07,MRK,-1,5,-5,3,5
2013-08-06,MRK,-1,3,-5,27,7
2013-08-05,MRK,-1,3,-4,14,3
2013-08-04,MRK,-4,-1,-5,13,4
2013-08-03,MRK,-2,2,-5,2,3
2013-08-02,MRK,-2,2,-5,18,8
2013-08-01,MRK,2,4,-2,9,10
2013-07-31,MRK,-1,3,-5,36,10
2013-07-30,MRK,-2,3,-5,77,10
2013-07-29,MRK,-3,1,-5,30,10
2013-07-28,MRK,-4,-1,-5,5,10
2013-07-27,MRK,-3,-1,-5,6,10
2013-07-26,MRK,-1,4,-4,22,10
2013-07-25,MRK,-2,2,-5,13,10
2013-07-24,MRK,-2,3,-5,17,10
2013-07-23,MRK,-4,-1,-5,21,10
2013-07-22,MRK,-2,3,-5,15,7
2013-07-21,MRK,-1,5,-5,6,6
2013-07-20,MRK,0,0,0,0,0
2013-07-19,MRK,-3,1,-5,12,10
2013-07-18,MRK,-1,3,-5,29,10
2013-07-17,MRK,-3,2,-5,26,10
2013-07-16,MRK,-1,4,-5,19,10
2013-07-15,MRK,-1,4,-4,20,5
2013-07-14,MRK,-5,-5,-5,1,2
2013-07-13,MRK,-5,-5,-5,1,6
2013-07-12,MRK,-4,-2,-5,9,8
2013-07-11,MRK,-1,3,-5,16,7
2013-07-10,MRK,1,5,-4,9,9
2013-07-09,MRK,1,5,-4,6,7
2013-07-08,MRK,-2,3,-5,21,6
2013-07-07,MRK,-4,-3,-5,2,5
2013-07-06,MRK,-4,-4,-4,1,6
2013-07-05,MRK,2,5,-3,18,9
2013-07-04,MRK,3,5,-2,8,9
2013-07-03,MRK,2,5,-2,12,10
2013-07-02,MRK,2,5,-2,17,3
2013-07-01,MRK,2,5,-2,26,2
2013-06-30,MRK,5,5,4,4,1
2013-06-29,MRK,1,5,-5,2,2
2013-06-28,MRK,1,4,-4,13,3
2013-06-27,MRK,3,5,-1,19,2
2013-06-26,MRK,1,5,-4,12,2
2013-06-25,MRK,1,4,-4,9,2
2013-06-24,MRK,-1,4,-5,16,1
2013-06-23,MRK,4,5,1,3,1
2013-06-22,MRK,1,4,-3,7,2
2013-06-21,MRK,-1,3,-5,16,5
2013-06-20,MRK,1,4,-4,18,5
2013-06-19,MRK,-1,3,-4,39,5
2013-06-18,MRK,1,4,-4,18,2
2013-06-17,MRK,3,5,-1,17,1
2013-06-16,MRK,-1,5,-5,3,1
2013-06-15,MRK,2,5,-2,3,2
2013-06-14,MRK,1,5,-4,20,3
2013-06-13,MRK,1,5,-4,14,3
2013-06-12,MRK,2,5,-3,17,2
2013-06-11,MRK,-1,3,-5,13,1
2013-06-10,MRK,-1,4,-4,8,0
2013-06-09,MRK,-1,4,-5,3,0
2013-06-08,MRK,0,0,0,0,0
2013-06-07,MRK,1,5,-4,9,2
2013-06-06,MRK,2,5,-4,9,5
2013-06-05,MRK,1,5,-4,12,10
2013-06-04,MRK,2,5,-3,48,10
2013-06-03,MRK,-1,4,-4,138,10
2013-06-02,MRK,1,4,-4,20,9
2013-06-01,MRK,-1,5,-5,7,9
2013-05-31,MRK,-2,3,-5,15,10
2013-05-30,MRK,-1,4,-5,19,3
2013-05-29,MRK,-1,4,-5,17,2
2013-05-28,MRK,2,5,-2,28,1
2013-05-27,MRK,5,5,5,2,0
2013-05-26,MRK,-1,-1,-1,1,1
2013-05-25,MRK,1,4,-3,4,3
2013-05-24,MRK,1,5,-4,25,5
2013-05-23,MRK,-1,3,-4,37,5
2013-05-22,MRK,1,5,-3,45,4
2013-05-21,MRK,1,5,-4,26,2
2013-05-20,MRK,-2,3,-5,31,1
2013-05-19,MRK,-5,-5,-5,1,0
2013-05-18,MRK,2,5,-4,3,1
2013-05-17,MRK,-2,2,-5,9,2
2013-05-16,MRK,-1,4,-5,22,3
2013-05-15,MRK,-1,4,-5,27,3
2013-05-14,MRK,2,5,-3,31,2
2013-05-13,MRK,1,4,-4,12,0
2013-05-12,MRK,-2,2,-5,2,1
2013-05-11,MRK,5,5,5,3,3
2013-05-10,MRK,1,4,-4,20,4
2013-05-09,MRK,-3,2,-5,45,4
2013-05-08,MRK,-1,5,-5,25,3
2013-05-07,MRK,-1,4,-5,23,2
2013-05-06,MRK,2,5,-3,23,1
2013-05-05,MRK,-2,3,-5,2,1
2013-05-04,MRK,2,5,-3,6,2
2013-05-03,MRK,-1,4,-4,17,10
2013-05-02,MRK,-1,4,-5,25,10
2013-05-01,MRK,-3,2,-5,211,10
2013-04-30,MRK,1,5,-4,30,10
2013-04-29,MRK,2,5,-1,37,10
2013-04-28,MRK,3,5,1,5,10
2013-04-27,MRK,1,4,-2,7,10
2013-04-26,MRK,1,4,-3,19,10
2013-04-25,MRK,3,5,-2,5,10
2013-04-24,MRK,3,5,1,20,10
2013-04-23,MRK,1,5,-3,13,10
2013-04-22,MRK,-1,5,-5,14,9
2013-04-21,MRK,-1,-1,-1,1,5
2013-04-20,MRK,-1,4,-5,6,9
2013-04-19,MRK,-1,4,-5,4,10
2013-04-18,MRK,1,5,-5,11,10
2013-04-17,MRK,1,5,-3,14,10
2013-04-16,MRK,2,5,-2,10,8
2013-04-15,MRK,2,5,-2,9,5
2013-04-14,MRK,-4,-4,-5,3,4
2013-04-13,MRK,5,5,5,1,8
2013-04-12,MRK,2,5,-3,8,10
2013-04-11,MRK,3,5,-2,13,10
2013-04-10,MRK,2,5,-3,18,7
2013-04-09,MRK,-2,2,-5,13,4
2013-04-08,MRK,1,5,-3,9,2
2013-04-07,MRK,2,5,-4,2,2
2013-04-06,MRK,-3,1,-5,2,3
2013-04-05,MRK,3,5,-1,9,5
2013-04-04,MRK,3,5,-1,11,5
2013-04-03,MRK,-3,1,-5,9,5
2013-04-02,MRK,2,5,-3,8,3
2013-04-01,MRK,3,5,-2,13,2
2013-03-31,MRK,0,0,0,0,0
2013-03-30,MRK,5,5,5,2,3
2013-03-29,MRK,-2,3,-5,3,6
2013-03-28,MRK,3,5,1,12,8
2013-03-27,MRK,1,5,-4,22,7
2013-03-26,MRK,2,5,-3,13,3
2013-03-25,MRK,1,5,-5,6,1
2013-03-24,MRK,0,0,0,0,0
2013-03-23,MRK,4,5,2,5,4
2013-03-22,MRK,1,5,-3,5,7
2013-03-21,MRK,3,5,-1,14,7
2013-03-20,MRK,1,5,-4,25,8
2013-03-19,MRK,-1,5,-5,5,4
2013-03-18,MRK,-1,4,-5,17,4
2013-03-17,MRK,1,5,-4,5,4
2013-03-16,MRK,5,5,5,2,6
2013-03-15,MRK,1,4,-4,18,9
2013-03-14,MRK,-2,2,-5,17,10
2013-03-13,MRK,1,4,-4,18,10
2013-03-12,MRK,-1,4,-4,56,10
2013-03-11,MRK,2,5,-3,23,10
2013-03-10,MRK,-2,2,-5,3,8
2013-03-09,MRK,1,5,-5,10,10
2013-03-08,MRK,3,5,-1,13,10
2013-03-07,MRK,1,5,-3,32,10
2013-03-06,MRK,2,5,-2,16,10
2013-03-05,MRK,1,4,-3,21,9
2013-03-04,MRK,2,5,-2,20,5
2013-03-03,MRK,-5,-5,-5,2,2
2013-03-02,MRK,-1,5,-5,2,2
2013-03-01,MRK,-3,2,-5,5,4
2013-02-28,MRK,1,5,-4,12,5
2013-02-27,MRK,-1,3,-4,13,7
2013-02-26,MRK,1,5,-3,14,5
2013-02-25,MRK,1,5,-3,25,4
2013-02-24,MRK,5,5,5,1,1
2013-02-23,MRK,5,5,5,3,3
2013-02-22,MRK,2,5,-3,8,3
2013-02-21,MRK,1,4,-4,13,3
2013-02-20,MRK,-1,4,-5,5,2
2013-02-19,MRK,3,5,-1,9,2
2013-02-18,MRK,-1,5,-5,6,0
2013-02-17,MRK,2,5,-3,4,0
2013-02-16,MRK,0,0,0,0,0
2013-02-15,MRK,3,5,-1,3,0
2013-02-14,MRK,2,5,-3,10,1
2013-02-13,MRK,2,5,-3,10,1
2013-02-12,MRK,0,0,0,0,0
2013-02-11,MRK,4,5,3,10,2
2013-02-10,MRK,3,5,-2,6,2
2013-02-09,MRK,5,5,4,2,5
2013-02-08,MRK,2,5,-2,8,9
2013-02-07,MRK,3,5,-2,29,10
2013-02-06,MRK,3,5,-1,28,10
2013-02-05,MRK,3,5,-1,44,10
2013-02-04,MRK,-2,2,-5,29,5
2013-02-03,MRK,1,5,-5,2,10
2013-02-02,MRK,2,5,-2,5,10
2013-02-01,MRK,1,5,-3,71,10
2013-01-31,MRK,1,5,-4,16,10
2013-01-30,MRK,2,5,-2,5,7
2013-01-29,MRK,4,5,3,6,6
2013-01-28,MRK,3,5,-2,6,3
2013-01-27,MRK,5,5,5,2,10
2013-01-26,MRK,-4,-4,-4,1,10
2013-01-25,MRK,2,5,-3,23,10
2013-01-24,MRK,-1,4,-4,7,10
2013-01-23,MRK,2,5,-2,5,10
2013-01-22,MRK,2,5,-2,9,8
2013-01-21,MRK,1,4,-3,6,4
2013-01-20,MRK,5,5,5,1,6
2013-01-19,MRK,-1,-1,-1,1,6
2013-01-18,MRK,1,4,-4,10,8
2013-01-17,MRK,5,5,5,1,5
2013-01-16,MRK,1,5,-3,6,6
2013-01-15,MRK,-3,-1,-5,3,3
2013-01-14,MRK,3,5,-1,3,2
2013-01-13,MRK,0,0,0,0,0
2013-01-12,MRK,5,5,5,1,10
2013-01-11,MRK,-3,1,-5,19,10
2013-01-10,MRK,4,5,2,8,10
2013-01-09,MRK,-3,2,-5,5,10
2013-01-08,MRK,2,5,-2,10,10
2013-01-07,MRK,3,5,1,15,10
2013-01-06,MRK,2,5,-3,3,10
2013-01-05,MRK,0,0,0,0,0
2013-01-04,MRK,-1,4,-5,6,10
2013-01-03,MRK,4,5,2,9,10
2013-01-02,MRK,1,5,-4,8,10
2013-01-01,MRK,4,5,3,2,10
